1	0	0	0	0	0	0	0	0	2 0

6	330	330	714	0	0	0	0	

1	1	180	0	0	0	0	0	0	100	1	0	0	0	0
2	1	226	0	0	0	0	0	0	100	1	0	0	0	0
3	1	264	0	0	0	0	0	0	100	1	0	0	0	0
4	1	294	0	0	0	0	0	0	100	1	0	0	0	0
5	1	316	0	0	0	0	0	0	100	1	0	0	0	0
6	1	330	0	0	0	0	0	0	100	1	0	0	0	0

1 0 0 0 0 0 0 0 
2 0 0 0 0 0 0 0 
3 0 0 0 0 0 0 0 
4 0 0 0 0 0 0 0 
5 0 0 0 0 0 0 0 
6 0 0 0 0 0 0 0 
7 0 0 0 0 0 0 0 
8 0 0 0 0 0 0 0 
9 0 0 0 0 0 0 0 
10 0 0 0 0 0 0 0 
11 0 0 0 0 0 0 0 
12 0 0 0 0 0 0 0 
13 0 0 0 0 0 0 0 
14 0 0 0 0 0 0 0 
15 0 0 0 0 0 0 0 
16 0 0 0 0 0 0 0 
17 0 0 0 0 0 0 0 
18 0 0 0 0 0 0 0 
19 0 0 0 0 0 0 0 
20 0 0 0 0 0 0 0 
21 0 0 0 0 0 0 0 
22 0 0 0 0 0 0 0 
23 0 0 0 0 0 0 0 
24 0 0 0 0 0 0 0 
25 0 0 0 0 0 0 0 
26 0 0 0 0 0 0 0 
27 0 0 0 0 0 0 0 
28 0 0 0 0 0 0 0 
29 0 0 0 0 0 0 0 
30 0 0 0 0 0 0 0 
31 0 0 0 0 0 0 0 
32 0 0 0 0 0 0 0 
33 0 0 0 0 0 0 0 
34 0 0 0 0 0 0 0 
35 0 0 0 0 0 0 0 
36 0 0 0 0 0 0 0 
37 0 0 0 0 0 0 0 
38 0 0 0 0 0 0 0 
39 0 0 0 0 0 0 0 
40 0 0 0 0 0 0 0 
41 0 0 0 0 0 0 0 
42 0 0 0 0 0 0 0 
43 0 0 0 0 0 0 0 
44 0 0 0 0 0 0 0 
45 0 0 0 0 0 0 0 
46 0 0 0 0 0 0 0 
47 0 0 0 0 0 0 0 
48 0 0 0 0 0 0 0 
49 0 0 0 0 0 0 0 
50 0 0 0 0 0 0 0 
51 0 0 0 0 0 0 0 
52 0 0 0 0 0 0 0 
53 0 0 0 0 0 0 0 
54 0 0 0 0 0 0 0 
55 0 0 0 0 0 0 0 
56 0 0 0 0 0 0 0 
57 0 0 0 0 0 0 0 
58 0 0 0 0 0 0 0 
59 0 0 0 0 0 0 0 
60 0 0 0 0 0 0 0 
61 0 0 0 0 0 0 0 
62 0 0 0 0 0 0 0 
63 0 0 0 0 0 0 0 
64 0 0 0 0 0 0 0 
65 0 0 0 0 0 0 0 
66 0 0 0 0 0 0 0 
67 0 0 0 0 0 0 0 
68 0 0 0 0 0 0 0 
69 0 0 0 0 0 0 0 
70 0 0 0 0 0 0 0 
71 0 0 0 0 0 0 0 
72 0 0 0 0 0 0 0 
73 0 0 0 0 0 0 0 
74 0 0 0 0 0 0 0 
75 0 0 0 0 0 0 0 
76 0 0 0 0 0 0 0 
77 0 0 0 0 0 0 0 
78 0 0 0 0 0 0 0 
79 0 0 0 0 0 0 0 
80 0 0 0 0 0 0 0 
81 0 0 0 0 0 0 0 
82 0 0 0 0 0 0 0 
83 0 0 0 0 0 0 0 
84 0 0 0 0 0 0 0 
85 0 0 0 0 0 0 0 
86 0 0 0 0 0 0 0 
87 0 0 0 0 0 0 0 
88 0 0 0 0 0 0 0 
89 0 0 0 0 0 0 0 
90 0 0 0 0 0 0 0 
91 0 0 0 0 0 0 0 
92 0 0 0 0 0 0 0 
93 0 0 0 0 0 0 0 
94 0 0 0 0 0 0 0 
95 0 0 0 0 0 0 0 
96 0 0 0 0 0 0 0 
97 0 0 0 0 0 0 0 
98 0 0 0 0 0 0 0 
99 0 0 0 0 0 0 0 
100 0 0 0 0 0 0 0 
101 0 0 0 0 0 0 0 
102 0 0 0 0 0 0 0 
103 0 0 0 0 0 0 0 
104 0 0 0 0 0 0 0 
105 0 0 0 0 0 0 0 
106 0 0 0 0 0 0 0 
107 0 0 0 0 0 0 0 
108 0 0 0 0 0 0 0 
109 0 0 0 0 0 0 0 
110 0 0 0 0 0 0 0 
111 0 0 0 0 0 0 0 
112 0 0 0 0 0 0 0 
113 0 0 0 0 0 0 0 
114 0 0 0 0 0 0 0 
115 0 0 0 0 0 0 0 
116 0 0 0 0 0 0 0 
117 0 0 0 0 0 0 0 
118 0 0 0 0 0 0 0 
119 0 0 0 0 0 0 0 
120 0 0 0 0 0 0 0 
121 0 0 0 0 0 0 0 
122 0 0 0 0 0 0 0 
123 0 0 0 0 0 0 0 
124 0 0 0 0 0 0 0 
125 0 0 0 0 0 0 0 
126 0 0 0 0 0 0 0 
127 0 0 0 0 0 0 0 
128 0 0 0 0 0 0 0 
129 0 0 0 0 0 0 0 
130 0 0 0 0 0 0 0 
131 0 0 0 0 0 0 0 
132 0 0 0 0 0 0 0 
133 0 0 0 0 0 0 0 
134 0 0 0 0 0 0 0 
135 0 0 0 0 0 0 0 
136 0 0 0 0 0 0 0 
137 0 0 0 0 0 0 0 
138 0 0 0 0 0 0 0 
139 0 0 0 0 0 0 0 
140 0 0 0 0 0 0 0 
141 0 0 0 0 0 0 0 
142 0 0 0 0 0 0 0 
143 0 0 0 0 0 0 0 
144 0 0 0 0 0 0 0 
145 0 0 0 0 0 0 0 
146 0 0 0 0 0 0 0 
147 0 0 0 0 0 0 0 
148 0 0 0 0 0 0 0 
149 0 0 0 0 0 0 0 
150 0 0 0 0 0 0 0 
151 0 0 0 0 0 0 0 
152 0 0 0 0 0 0 0 
153 0 0 0 0 0 0 0 
154 0 0 0 0 0 0 0 
155 0 0 0 0 0 0 0 
156 0 0 0 0 0 0 0 
157 0 0 0 0 0 0 0 
158 0 0 0 0 0 0 0 
159 0 0 0 0 0 0 0 
160 0 0 0 0 0 0 0 
161 0 0 0 0 0 0 0 
162 0 0 0 0 0 0 0 
163 0 0 0 0 0 0 0 
164 0 0 0 0 0 0 0 
165 0 0 0 0 0 0 0 
166 0 0 0 0 0 0 0 
167 0 0 0 0 0 0 0 
168 0 0 0 0 0 0 0 
169 0 0 0 0 0 0 0 
170 0 0 0 0 0 0 0 
171 0 0 0 0 0 0 0 
172 0 0 0 0 0 0 0 
173 0 0 0 0 0 0 0 
174 0 0 0 0 0 0 0 
175 0 0 0 0 0 0 0 
176 0 0 0 0 0 0 0 
177 0 0 0 0 0 0 0 
178 0 0 0 0 0 0 0 
179 0 0 0 0 0 0 0 
180 0 0 0 0 0 0 0 
181 2 0 0 0 0 0 1 
182 2 0 0 0 0 0 1 
183 2 0 0 0 0 0 1 
184 2 0 0 0 0 0 1 
185 2 0 0 0 0 0 1 
186 2 0 0 0 0 0 1 
187 2 0 0 0 0 0 1 
188 2 0 0 0 0 0 1 
189 2 0 0 0 0 0 1 
190 2 0 0 0 0 0 1 
191 2 0 0 0 0 0 1 
192 2 0 0 0 0 0 1 
193 2 0 0 0 0 0 1 
194 2 0 0 0 0 0 1 
195 2 0 0 0 0 0 1 
196 2 0 0 0 0 0 1 
197 2 0 0 0 0 0 1 
198 2 0 0 0 0 0 1 
199 2 0 0 0 0 0 1 
200 2 0 0 0 0 0 1 
201 2 0 0 0 0 0 1 
202 2 0 0 0 0 0 1 
203 2 0 0 0 0 0 1 
204 2 0 0 0 0 0 1 
205 2 0 0 0 0 0 1 
206 2 0 0 0 0 0 1 
207 2 0 0 0 0 0 1 
208 2 0 0 0 0 0 1 
209 2 0 0 0 0 0 1 
210 2 0 0 0 0 0 1 
211 2 0 0 0 0 0 1 
212 2 0 0 0 0 0 1 
213 2 0 0 0 0 0 1 
214 2 0 0 0 0 0 1 
215 2 0 0 0 0 0 1 
216 2 0 0 0 0 0 1 
217 2 0 0 0 0 0 1 
218 2 0 0 0 0 0 1 
219 2 0 0 0 0 0 1 
220 2 0 0 0 0 0 1 
221 2 0 0 0 0 0 1 
222 2 0 0 0 0 0 1 
223 2 0 0 0 0 0 1 
224 2 0 0 0 0 0 1 
225 2 0 0 0 0 0 1 
226 2 0 0 0 0 0 1 
227 2 0 0 0 0 0 1 
228 2 0 0 0 0 0 1 
229 2 0 0 0 0 0 1 
230 2 0 0 0 0 0 1 
231 2 0 0 0 0 0 1 
232 2 0 0 0 0 0 1 
233 2 0 0 0 0 0 1 
234 2 0 0 0 0 0 1 
235 2 0 0 0 0 0 1 
236 2 0 0 0 0 0 1 
237 2 0 0 0 0 0 1 
238 2 0 0 0 0 0 1 
239 2 0 0 0 0 0 1 
240 2 0 0 0 0 0 1 
241 2 0 0 0 0 0 1 
242 2 0 0 0 0 0 1 
243 2 0 0 0 0 0 1 
244 2 0 0 0 0 0 1 
245 2 0 0 0 0 0 1 
246 2 0 0 0 0 0 1 
247 2 0 0 0 0 0 1 
248 2 0 0 0 0 0 1 
249 2 0 0 0 0 0 1 
250 2 0 0 0 0 0 1 
251 2 0 0 0 0 0 1 
252 2 0 0 0 0 0 1 
253 2 0 0 0 0 0 1 
254 2 0 0 0 0 0 1 
255 2 0 0 0 0 0 1 
256 2 0 0 0 0 0 1 
257 2 0 0 0 0 0 1 
258 2 0 0 0 0 0 1 
259 2 0 0 0 0 0 1 
260 2 0 0 0 0 0 1 
261 2 0 0 0 0 0 1 
262 2 0 0 0 0 0 1 
263 2 0 0 0 0 0 1 
264 2 0 0 0 0 0 1 
265 2 0 0 0 0 0 1 
266 2 0 0 0 0 0 1 
267 2 0 0 0 0 0 1 
268 2 0 0 0 0 0 1 
269 2 0 0 0 0 0 1 
270 2 0 0 0 0 0 1 
271 2 0 0 0 0 0 1 
272 2 0 0 0 0 0 1 
273 2 0 0 0 0 0 1 
274 2 0 0 0 0 0 1 
275 2 0 0 0 0 0 1 
276 2 0 0 0 0 0 1 
277 2 0 0 0 0 0 1 
278 2 0 0 0 0 0 1 
279 2 0 0 0 0 0 1 
280 2 0 0 0 0 0 1 
281 2 0 0 0 0 0 1 
282 2 0 0 0 0 0 1 
283 2 0 0 0 0 0 1 
284 2 0 0 0 0 0 1 
285 2 0 0 0 0 0 1 
286 2 0 0 0 0 0 1 
287 2 0 0 0 0 0 1 
288 2 0 0 0 0 0 1 
289 2 0 0 0 0 0 1 
290 2 0 0 0 0 0 1 
291 2 0 0 0 0 0 1 
292 2 0 0 0 0 0 1 
293 2 0 0 0 0 0 1 
294 2 0 0 0 0 0 1 
295 2 0 0 0 0 0 1 
296 2 0 0 0 0 0 1 
297 2 0 0 0 0 0 1 
298 2 0 0 0 0 0 1 
299 2 0 0 0 0 0 1 
300 2 0 0 0 0 0 1 
301 2 0 0 0 0 0 1 
302 2 0 0 0 0 0 1 
303 2 0 0 0 0 0 1 
304 2 0 0 0 0 0 1 
305 2 0 0 0 0 0 1 
306 2 0 0 0 0 0 1 
307 2 0 0 0 0 0 1 
308 2 0 0 0 0 0 1 
309 2 0 0 0 0 0 1 
310 2 0 0 0 0 0 1 
311 2 0 0 0 0 0 1 
312 2 0 0 0 0 0 1 
313 2 0 0 0 0 0 1 
314 2 0 0 0 0 0 1 
315 2 0 0 0 0 0 1 
316 2 0 0 0 0 0 1 
317 2 0 0 0 0 0 1 
318 2 0 0 0 0 0 1 
319 2 0 0 0 0 0 1 
320 2 0 0 0 0 0 1 
321 2 0 0 0 0 0 1 
322 2 0 0 0 0 0 1 
323 2 0 0 0 0 0 1 
324 2 0 0 0 0 0 1 
325 2 0 0 0 0 0 1 
326 2 0 0 0 0 0 1 
327 2 0 0 0 0 0 1 
328 2 0 0 0 0 0 1 
329 2 0 0 0 0 0 1 
330 2 0 0 0 0 0 1 
1 0.0 30151685.12 0.0 0.17 0.0 0.0 0.0 0.0 0.0 0.0 0.0 60.3 0.0 0.0 25.13 
2 0.0 31499854.0 0.0 0.18 0.0 0.0 0.0 0.0 0.0 0.0 0.0 63.0 0.0 0.0 26.25 
3 0.0 27012273.21 0.0 0.15 0.0 0.0 0.0 0.0 0.0 0.0 0.0 54.02 0.0 0.0 22.51 
4 0.0 32080795.52 0.0 0.18 0.0 0.0 0.0 0.0 0.0 0.0 0.0 64.16 0.0 0.0 26.73 
5 0.0 28745095.44 0.0 0.16 0.0 0.0 0.0 0.0 0.0 0.0 0.0 57.49 0.0 0.0 23.95 
6 0.0 25246268.29 0.0 0.14 0.0 0.0 0.0 0.0 0.0 0.0 0.0 50.49 0.0 0.0 21.04 
7 0.0 28056879.7 0.0 0.16 0.0 0.0 0.0 0.0 0.0 0.0 0.0 56.11 0.0 0.0 23.38 
8 0.0 31795725.52 0.0 0.18 0.0 0.0 0.0 0.0 0.0 0.0 0.0 63.59 0.0 0.0 26.5 
9 0.0 30996750.1 0.0 0.17 0.0 0.0 0.0 0.0 0.0 0.0 0.0 61.99 0.0 0.0 25.83 
10 0.0 26557570.1 0.0 0.15 0.0 0.0 0.0 0.0 0.0 0.0 0.0 53.12 0.0 0.0 22.13 
11 0.0 31856009.07 0.0 0.18 0.0 0.0 0.0 0.0 0.0 0.0 0.0 63.71 0.0 0.0 26.55 
12 0.0 29736039.21 0.0 0.17 0.0 0.0 0.0 0.0 0.0 0.0 0.0 59.47 0.0 0.0 24.78 
13 0.0 31275217.19 0.0 0.17 0.0 0.0 0.0 0.0 0.0 0.0 0.0 62.55 0.0 0.0 26.06 
14 0.0 30996759.44 0.0 0.17 0.0 0.0 0.0 0.0 0.0 0.0 0.0 61.99 0.0 0.0 25.83 
15 0.0 26529551.22 0.0 0.15 0.0 0.0 0.0 0.0 0.0 0.0 0.0 53.06 0.0 0.0 22.11 
16 0.0 31052991.46 0.0 0.17 0.0 0.0 0.0 0.0 0.0 0.0 0.0 62.11 0.0 0.0 25.88 
17 0.0 28179338.15 0.0 0.16 0.0 0.0 0.0 0.0 0.0 0.0 0.0 56.36 0.0 0.0 23.48 
18 0.0 34640937.99 0.0 0.19 0.0 0.0 0.0 0.0 0.0 0.0 0.0 69.28 0.0 0.0 28.87 
19 0.0 32170024.83 0.0 0.18 0.0 0.0 0.0 0.0 0.0 0.0 0.0 64.34 0.0 0.0 26.81 
20 0.0 30138406.7 0.0 0.17 0.0 0.0 0.0 0.0 0.0 0.0 0.0 60.28 0.0 0.0 25.12 
21 0.0 27051025.04 0.0 0.15 0.0 0.0 0.0 0.0 0.0 0.0 0.0 54.1 0.0 0.0 22.54 
22 0.0 30163298.22 0.0 0.17 0.0 0.0 0.0 0.0 0.0 0.0 0.0 60.33 0.0 0.0 25.14 
23 0.0 30479678.81 0.0 0.17 0.0 0.0 0.0 0.0 0.0 0.0 0.0 60.96 0.0 0.0 25.4 
24 0.0 26373155.52 0.0 0.15 0.0 0.0 0.0 0.0 0.0 0.0 0.0 52.75 0.0 0.0 21.98 
25 0.0 36670080.65 0.0 0.2 0.0 0.0 0.0 0.0 0.0 0.0 0.0 73.34 0.0 0.0 30.56 
26 0.0 31182885.64 0.0 0.17 0.0 0.0 0.0 0.0 0.0 0.0 0.0 62.37 0.0 0.0 25.99 
27 0.0 35077073.15 0.0 0.2 0.0 0.0 0.0 0.0 0.0 0.0 0.0 70.15 0.0 0.0 29.23 
28 0.0 26661563.54 0.0 0.15 0.0 0.0 0.0 0.0 0.0 0.0 0.0 53.32 0.0 0.0 22.22 
29 0.0 34907242.63 0.0 0.19 0.0 0.0 0.0 0.0 0.0 0.0 0.0 69.81 0.0 0.0 29.09 
30 0.0 25917103.22 0.0 0.14 0.0 0.0 0.0 0.0 0.0 0.0 0.0 51.83 0.0 0.0 21.6 
31 0.0 28046322.5 0.0 0.16 0.0 0.0 0.0 0.0 0.0 0.0 0.0 56.09 0.0 0.0 23.37 
32 0.0 31627353.93 0.0 0.18 0.0 0.0 0.0 0.0 0.0 0.0 0.0 63.25 0.0 0.0 26.36 
33 0.0 30144018.74 0.0 0.17 0.0 0.0 0.0 0.0 0.0 0.0 0.0 60.29 0.0 0.0 25.12 
34 0.0 22925779.1 0.0 0.13 0.0 0.0 0.0 0.0 0.0 0.0 0.0 45.85 0.0 0.0 19.1 
35 0.0 26683247.87 0.0 0.15 0.0 0.0 0.0 0.0 0.0 0.0 0.0 53.37 0.0 0.0 22.24 
36 0.0 32513509.06 0.0 0.18 0.0 0.0 0.0 0.0 0.0 0.0 0.0 65.03 0.0 0.0 27.09 
37 0.0 36263612.6 0.0 0.2 0.0 0.0 0.0 0.0 0.0 0.0 0.0 72.53 0.0 0.0 30.22 
38 0.0 32744522.87 0.0 0.18 0.0 0.0 0.0 0.0 0.0 0.0 0.0 65.49 0.0 0.0 27.29 
39 0.0 29171389.94 0.0 0.16 0.0 0.0 0.0 0.0 0.0 0.0 0.0 58.34 0.0 0.0 24.31 
40 0.0 32389535.7 0.0 0.18 0.0 0.0 0.0 0.0 0.0 0.0 0.0 64.78 0.0 0.0 26.99 
41 0.0 26568604.28 0.0 0.15 0.0 0.0 0.0 0.0 0.0 0.0 0.0 53.14 0.0 0.0 22.14 
42 0.0 31529759.35 0.0 0.18 0.0 0.0 0.0 0.0 0.0 0.0 0.0 63.06 0.0 0.0 26.27 
43 0.0 25957619.11 0.0 0.14 0.0 0.0 0.0 0.0 0.0 0.0 0.0 51.92 0.0 0.0 21.63 
44 0.0 29971919.7 0.0 0.17 0.0 0.0 0.0 0.0 0.0 0.0 0.0 59.94 0.0 0.0 24.98 
45 0.0 29607886.08 0.0 0.16 0.0 0.0 0.0 0.0 0.0 0.0 0.0 59.22 0.0 0.0 24.67 
46 0.0 32406259.84 0.0 0.18 0.0 0.0 0.0 0.0 0.0 0.0 0.0 64.81 0.0 0.0 27.01 
47 0.0 29091108.1 0.0 0.16 0.0 0.0 0.0 0.0 0.0 0.0 0.0 58.18 0.0 0.0 24.24 
48 0.0 33606007.77 0.0 0.19 0.0 0.0 0.0 0.0 0.0 0.0 0.0 67.21 0.0 0.0 28.01 
49 0.0 29409764.16 0.0 0.16 0.0 0.0 0.0 0.0 0.0 0.0 0.0 58.82 0.0 0.0 24.51 
50 0.0 32509586.11 0.0 0.18 0.0 0.0 0.0 0.0 0.0 0.0 0.0 65.02 0.0 0.0 27.09 
51 0.0 32359806.85 0.0 0.18 0.0 0.0 0.0 0.0 0.0 0.0 0.0 64.72 0.0 0.0 26.97 
52 0.0 24477372.4 0.0 0.14 0.0 0.0 0.0 0.0 0.0 0.0 0.0 48.95 0.0 0.0 20.4 
53 0.0 30112642.46 0.0 0.17 0.0 0.0 0.0 0.0 0.0 0.0 0.0 60.23 0.0 0.0 25.09 
54 0.0 30107784.15 0.0 0.17 0.0 0.0 0.0 0.0 0.0 0.0 0.0 60.22 0.0 0.0 25.09 
55 0.0 27663780.23 0.0 0.15 0.0 0.0 0.0 0.0 0.0 0.0 0.0 55.33 0.0 0.0 23.05 
56 0.0 30538232.14 0.0 0.17 0.0 0.0 0.0 0.0 0.0 0.0 0.0 61.08 0.0 0.0 25.45 
57 0.0 25633397.02 0.0 0.14 0.0 0.0 0.0 0.0 0.0 0.0 0.0 51.27 0.0 0.0 21.36 
58 0.0 31668555.67 0.0 0.18 0.0 0.0 0.0 0.0 0.0 0.0 0.0 63.34 0.0 0.0 26.39 
59 0.0 31529336.56 0.0 0.18 0.0 0.0 0.0 0.0 0.0 0.0 0.0 63.06 0.0 0.0 26.27 
60 0.0 30901336.63 0.0 0.17 0.0 0.0 0.0 0.0 0.0 0.0 0.0 61.8 0.0 0.0 25.75 
61 0.0 37429752.48 0.0 0.21 0.0 0.0 0.0 0.0 0.0 0.0 0.0 74.86 0.0 0.0 31.19 
62 0.0 31057030.19 0.0 0.17 0.0 0.0 0.0 0.0 0.0 0.0 0.0 62.11 0.0 0.0 25.88 
63 0.0 30202413.0 0.0 0.17 0.0 0.0 0.0 0.0 0.0 0.0 0.0 60.4 0.0 0.0 25.17 
64 0.0 27803205.9 0.0 0.15 0.0 0.0 0.0 0.0 0.0 0.0 0.0 55.61 0.0 0.0 23.17 
65 0.0 30891423.63 0.0 0.17 0.0 0.0 0.0 0.0 0.0 0.0 0.0 61.78 0.0 0.0 25.74 
66 0.0 27114669.6 0.0 0.15 0.0 0.0 0.0 0.0 0.0 0.0 0.0 54.23 0.0 0.0 22.6 
67 0.0 33815455.85 0.0 0.19 0.0 0.0 0.0 0.0 0.0 0.0 0.0 67.63 0.0 0.0 28.18 
68 0.0 28057066.4 0.0 0.16 0.0 0.0 0.0 0.0 0.0 0.0 0.0 56.11 0.0 0.0 23.38 
69 0.0 30475408.61 0.0 0.17 0.0 0.0 0.0 0.0 0.0 0.0 0.0 60.95 0.0 0.0 25.4 
70 0.0 35970249.05 0.0 0.2 0.0 0.0 0.0 0.0 0.0 0.0 0.0 71.94 0.0 0.0 29.98 
71 0.0 33492562.68 0.0 0.19 0.0 0.0 0.0 0.0 0.0 0.0 0.0 66.99 0.0 0.0 27.91 
72 0.0 30727980.48 0.0 0.17 0.0 0.0 0.0 0.0 0.0 0.0 0.0 61.46 0.0 0.0 25.61 
73 0.0 34139760.29 0.0 0.19 0.0 0.0 0.0 0.0 0.0 0.0 0.0 68.28 0.0 0.0 28.45 
74 0.0 29836323.88 0.0 0.17 0.0 0.0 0.0 0.0 0.0 0.0 0.0 59.67 0.0 0.0 24.86 
75 0.0 32385701.85 0.0 0.18 0.0 0.0 0.0 0.0 0.0 0.0 0.0 64.77 0.0 0.0 26.99 
76 0.0 30057269.89 0.0 0.17 0.0 0.0 0.0 0.0 0.0 0.0 0.0 60.11 0.0 0.0 25.05 
77 0.0 27283685.59 0.0 0.15 0.0 0.0 0.0 0.0 0.0 0.0 0.0 54.57 0.0 0.0 22.74 
78 0.0 31290813.99 0.0 0.17 0.0 0.0 0.0 0.0 0.0 0.0 0.0 62.58 0.0 0.0 26.08 
79 0.0 32803950.19 0.0 0.18 0.0 0.0 0.0 0.0 0.0 0.0 0.0 65.61 0.0 0.0 27.34 
80 0.0 28961694.38 0.0 0.16 0.0 0.0 0.0 0.0 0.0 0.0 0.0 57.92 0.0 0.0 24.13 
81 0.0 26708634.35 0.0 0.15 0.0 0.0 0.0 0.0 0.0 0.0 0.0 53.42 0.0 0.0 22.26 
82 0.0 28415411.79 0.0 0.16 0.0 0.0 0.0 0.0 0.0 0.0 0.0 56.83 0.0 0.0 23.68 
83 0.0 22860674.18 0.0 0.13 0.0 0.0 0.0 0.0 0.0 0.0 0.0 45.72 0.0 0.0 19.05 
84 0.0 28176948.93 0.0 0.16 0.0 0.0 0.0 0.0 0.0 0.0 0.0 56.35 0.0 0.0 23.48 
85 0.0 26774129.73 0.0 0.15 0.0 0.0 0.0 0.0 0.0 0.0 0.0 53.55 0.0 0.0 22.31 
86 0.0 36067215.2 0.0 0.2 0.0 0.0 0.0 0.0 0.0 0.0 0.0 72.13 0.0 0.0 30.06 
87 0.0 28305374.11 0.0 0.16 0.0 0.0 0.0 0.0 0.0 0.0 0.0 56.61 0.0 0.0 23.59 
88 0.0 25371212.85 0.0 0.14 0.0 0.0 0.0 0.0 0.0 0.0 0.0 50.74 0.0 0.0 21.14 
89 0.0 32612525.34 0.0 0.18 0.0 0.0 0.0 0.0 0.0 0.0 0.0 65.23 0.0 0.0 27.18 
90 0.0 29474368.42 0.0 0.16 0.0 0.0 0.0 0.0 0.0 0.0 0.0 58.95 0.0 0.0 24.56 
91 0.0 30145809.02 0.0 0.17 0.0 0.0 0.0 0.0 0.0 0.0 0.0 60.29 0.0 0.0 25.12 
92 0.0 30565938.61 0.0 0.17 0.0 0.0 0.0 0.0 0.0 0.0 0.0 61.13 0.0 0.0 25.47 
93 0.0 30627940.47 0.0 0.17 0.0 0.0 0.0 0.0 0.0 0.0 0.0 61.26 0.0 0.0 25.52 
94 0.0 28876665.25 0.0 0.16 0.0 0.0 0.0 0.0 0.0 0.0 0.0 57.75 0.0 0.0 24.06 
95 0.0 32864095.79 0.0 0.18 0.0 0.0 0.0 0.0 0.0 0.0 0.0 65.73 0.0 0.0 27.39 
96 0.0 31569742.99 0.0 0.18 0.0 0.0 0.0 0.0 0.0 0.0 0.0 63.14 0.0 0.0 26.31 
97 0.0 28512544.44 0.0 0.16 0.0 0.0 0.0 0.0 0.0 0.0 0.0 57.03 0.0 0.0 23.76 
98 0.0 29485606.17 0.0 0.16 0.0 0.0 0.0 0.0 0.0 0.0 0.0 58.97 0.0 0.0 24.57 
99 0.0 27166894.2 0.0 0.15 0.0 0.0 0.0 0.0 0.0 0.0 0.0 54.33 0.0 0.0 22.64 
100 0.0 30842594.03 0.0 0.17 0.0 0.0 0.0 0.0 0.0 0.0 0.0 61.69 0.0 0.0 25.7 
101 0.0 32214741.33 0.0 0.18 0.0 0.0 0.0 0.0 0.0 0.0 0.0 64.43 0.0 0.0 26.85 
102 0.0 31952259.69 0.0 0.18 0.0 0.0 0.0 0.0 0.0 0.0 0.0 63.9 0.0 0.0 26.63 
103 0.0 31844221.89 0.0 0.18 0.0 0.0 0.0 0.0 0.0 0.0 0.0 63.69 0.0 0.0 26.54 
104 0.0 29620294.22 0.0 0.16 0.0 0.0 0.0 0.0 0.0 0.0 0.0 59.24 0.0 0.0 24.68 
105 0.0 34736622.74 0.0 0.19 0.0 0.0 0.0 0.0 0.0 0.0 0.0 69.47 0.0 0.0 28.95 
106 0.0 29378454.97 0.0 0.16 0.0 0.0 0.0 0.0 0.0 0.0 0.0 58.76 0.0 0.0 24.48 
107 0.0 30090201.25 0.0 0.17 0.0 0.0 0.0 0.0 0.0 0.0 0.0 60.18 0.0 0.0 25.08 
108 0.0 28991460.48 0.0 0.16 0.0 0.0 0.0 0.0 0.0 0.0 0.0 57.98 0.0 0.0 24.16 
109 0.0 30243791.31 0.0 0.17 0.0 0.0 0.0 0.0 0.0 0.0 0.0 60.49 0.0 0.0 25.2 
110 0.0 29278427.47 0.0 0.16 0.0 0.0 0.0 0.0 0.0 0.0 0.0 58.56 0.0 0.0 24.4 
111 0.0 36096537.98 0.0 0.2 0.0 0.0 0.0 0.0 0.0 0.0 0.0 72.19 0.0 0.0 30.08 
112 0.0 31277540.14 0.0 0.17 0.0 0.0 0.0 0.0 0.0 0.0 0.0 62.56 0.0 0.0 26.06 
113 0.0 24951105.33 0.0 0.14 0.0 0.0 0.0 0.0 0.0 0.0 0.0 49.9 0.0 0.0 20.79 
114 0.0 28698340.86 0.0 0.16 0.0 0.0 0.0 0.0 0.0 0.0 0.0 57.4 0.0 0.0 23.92 
115 0.0 25751317.41 0.0 0.14 0.0 0.0 0.0 0.0 0.0 0.0 0.0 51.5 0.0 0.0 21.46 
116 0.0 32639696.99 0.0 0.18 0.0 0.0 0.0 0.0 0.0 0.0 0.0 65.28 0.0 0.0 27.2 
117 0.0 34123779.7 0.0 0.19 0.0 0.0 0.0 0.0 0.0 0.0 0.0 68.25 0.0 0.0 28.44 
118 0.0 28646871.27 0.0 0.16 0.0 0.0 0.0 0.0 0.0 0.0 0.0 57.29 0.0 0.0 23.87 
119 0.0 31840597.88 0.0 0.18 0.0 0.0 0.0 0.0 0.0 0.0 0.0 63.68 0.0 0.0 26.53 
120 0.0 29369530.31 0.0 0.16 0.0 0.0 0.0 0.0 0.0 0.0 0.0 58.74 0.0 0.0 24.47 
121 0.0 31224174.5 0.0 0.17 0.0 0.0 0.0 0.0 0.0 0.0 0.0 62.45 0.0 0.0 26.02 
122 0.0 35197195.52 0.0 0.2 0.0 0.0 0.0 0.0 0.0 0.0 0.0 70.39 0.0 0.0 29.33 
123 0.0 28951656.13 0.0 0.16 0.0 0.0 0.0 0.0 0.0 0.0 0.0 57.9 0.0 0.0 24.13 
124 0.0 26300589.53 0.0 0.15 0.0 0.0 0.0 0.0 0.0 0.0 0.0 52.6 0.0 0.0 21.92 
125 0.0 32154823.17 0.0 0.18 0.0 0.0 0.0 0.0 0.0 0.0 0.0 64.31 0.0 0.0 26.8 
126 0.0 31549678.9 0.0 0.18 0.0 0.0 0.0 0.0 0.0 0.0 0.0 63.1 0.0 0.0 26.29 
127 0.0 32021404.47 0.0 0.18 0.0 0.0 0.0 0.0 0.0 0.0 0.0 64.04 0.0 0.0 26.68 
128 0.0 33079364.91 0.0 0.18 0.0 0.0 0.0 0.0 0.0 0.0 0.0 66.16 0.0 0.0 27.57 
129 0.0 27956554.71 0.0 0.16 0.0 0.0 0.0 0.0 0.0 0.0 0.0 55.91 0.0 0.0 23.3 
130 0.0 24101955.84 0.0 0.13 0.0 0.0 0.0 0.0 0.0 0.0 0.0 48.2 0.0 0.0 20.08 
131 0.0 33122719.1 0.0 0.18 0.0 0.0 0.0 0.0 0.0 0.0 0.0 66.25 0.0 0.0 27.6 
132 0.0 28774049.06 0.0 0.16 0.0 0.0 0.0 0.0 0.0 0.0 0.0 57.55 0.0 0.0 23.98 
133 0.0 26377798.62 0.0 0.15 0.0 0.0 0.0 0.0 0.0 0.0 0.0 52.76 0.0 0.0 21.98 
134 0.0 26495129.15 0.0 0.15 0.0 0.0 0.0 0.0 0.0 0.0 0.0 52.99 0.0 0.0 22.08 
135 0.0 33385119.99 0.0 0.19 0.0 0.0 0.0 0.0 0.0 0.0 0.0 66.77 0.0 0.0 27.82 
136 0.0 30542499.94 0.0 0.17 0.0 0.0 0.0 0.0 0.0 0.0 0.0 61.08 0.0 0.0 25.45 
137 0.0 30908706.1 0.0 0.17 0.0 0.0 0.0 0.0 0.0 0.0 0.0 61.82 0.0 0.0 25.76 
138 0.0 32551160.61 0.0 0.18 0.0 0.0 0.0 0.0 0.0 0.0 0.0 65.1 0.0 0.0 27.13 
139 0.0 27969297.16 0.0 0.16 0.0 0.0 0.0 0.0 0.0 0.0 0.0 55.94 0.0 0.0 23.31 
140 0.0 26624656.23 0.0 0.15 0.0 0.0 0.0 0.0 0.0 0.0 0.0 53.25 0.0 0.0 22.19 
141 0.0 27441146.16 0.0 0.15 0.0 0.0 0.0 0.0 0.0 0.0 0.0 54.88 0.0 0.0 22.87 
142 0.0 26686276.16 0.0 0.15 0.0 0.0 0.0 0.0 0.0 0.0 0.0 53.37 0.0 0.0 22.24 
143 0.0 29126712.6 0.0 0.16 0.0 0.0 0.0 0.0 0.0 0.0 0.0 58.25 0.0 0.0 24.27 
144 0.0 27327072.8 0.0 0.15 0.0 0.0 0.0 0.0 0.0 0.0 0.0 54.65 0.0 0.0 22.77 
145 0.0 30115905.64 0.0 0.17 0.0 0.0 0.0 0.0 0.0 0.0 0.0 60.23 0.0 0.0 25.1 
146 0.0 28557452.57 0.0 0.16 0.0 0.0 0.0 0.0 0.0 0.0 0.0 57.11 0.0 0.0 23.8 
147 0.0 29760061.53 0.0 0.17 0.0 0.0 0.0 0.0 0.0 0.0 0.0 59.52 0.0 0.0 24.8 
148 0.0 31949371.01 0.0 0.18 0.0 0.0 0.0 0.0 0.0 0.0 0.0 63.9 0.0 0.0 26.62 
149 0.0 34203830.68 0.0 0.19 0.0 0.0 0.0 0.0 0.0 0.0 0.0 68.41 0.0 0.0 28.5 
150 0.0 34667813.75 0.0 0.19 0.0 0.0 0.0 0.0 0.0 0.0 0.0 69.34 0.0 0.0 28.89 
151 0.0 30344766.54 0.0 0.17 0.0 0.0 0.0 0.0 0.0 0.0 0.0 60.69 0.0 0.0 25.29 
152 0.0 30637110.86 0.0 0.17 0.0 0.0 0.0 0.0 0.0 0.0 0.0 61.27 0.0 0.0 25.53 
153 0.0 28474859.31 0.0 0.16 0.0 0.0 0.0 0.0 0.0 0.0 0.0 56.95 0.0 0.0 23.73 
154 0.0 33017945.98 0.0 0.18 0.0 0.0 0.0 0.0 0.0 0.0 0.0 66.04 0.0 0.0 27.51 
155 0.0 34595372.59 0.0 0.19 0.0 0.0 0.0 0.0 0.0 0.0 0.0 69.19 0.0 0.0 28.83 
156 0.0 28219194.59 0.0 0.16 0.0 0.0 0.0 0.0 0.0 0.0 0.0 56.44 0.0 0.0 23.52 
157 0.0 32292317.0 0.0 0.18 0.0 0.0 0.0 0.0 0.0 0.0 0.0 64.58 0.0 0.0 26.91 
158 0.0 29011300.38 0.0 0.16 0.0 0.0 0.0 0.0 0.0 0.0 0.0 58.02 0.0 0.0 24.18 
159 0.0 29486655.02 0.0 0.16 0.0 0.0 0.0 0.0 0.0 0.0 0.0 58.97 0.0 0.0 24.57 
160 0.0 30552854.27 0.0 0.17 0.0 0.0 0.0 0.0 0.0 0.0 0.0 61.11 0.0 0.0 25.46 
161 0.0 28796469.55 0.0 0.16 0.0 0.0 0.0 0.0 0.0 0.0 0.0 57.59 0.0 0.0 24.0 
162 0.0 32685313.13 0.0 0.18 0.0 0.0 0.0 0.0 0.0 0.0 0.0 65.37 0.0 0.0 27.24 
163 0.0 25512442.91 0.0 0.14 0.0 0.0 0.0 0.0 0.0 0.0 0.0 51.02 0.0 0.0 21.26 
164 0.0 27913809.27 0.0 0.16 0.0 0.0 0.0 0.0 0.0 0.0 0.0 55.83 0.0 0.0 23.26 
165 0.0 29641765.68 0.0 0.17 0.0 0.0 0.0 0.0 0.0 0.0 0.0 59.28 0.0 0.0 24.7 
166 0.0 26865528.89 0.0 0.15 0.0 0.0 0.0 0.0 0.0 0.0 0.0 53.73 0.0 0.0 22.39 
167 0.0 31081913.95 0.0 0.17 0.0 0.0 0.0 0.0 0.0 0.0 0.0 62.16 0.0 0.0 25.9 
168 0.0 25455287.1 0.0 0.14 0.0 0.0 0.0 0.0 0.0 0.0 0.0 50.91 0.0 0.0 21.21 
169 0.0 30165532.71 0.0 0.17 0.0 0.0 0.0 0.0 0.0 0.0 0.0 60.33 0.0 0.0 25.14 
170 0.0 25679205.37 0.0 0.14 0.0 0.0 0.0 0.0 0.0 0.0 0.0 51.36 0.0 0.0 21.4 
171 0.0 29564259.79 0.0 0.16 0.0 0.0 0.0 0.0 0.0 0.0 0.0 59.13 0.0 0.0 24.64 
172 0.0 31524219.9 0.0 0.18 0.0 0.0 0.0 0.0 0.0 0.0 0.0 63.05 0.0 0.0 26.27 
173 0.0 36610692.06 0.0 0.2 0.0 0.0 0.0 0.0 0.0 0.0 0.0 73.22 0.0 0.0 30.51 
174 0.0 33232902.99 0.0 0.18 0.0 0.0 0.0 0.0 0.0 0.0 0.0 66.47 0.0 0.0 27.69 
175 0.0 34851723.63 0.0 0.19 0.0 0.0 0.0 0.0 0.0 0.0 0.0 69.7 0.0 0.0 29.04 
176 0.0 30203916.58 0.0 0.17 0.0 0.0 0.0 0.0 0.0 0.0 0.0 60.41 0.0 0.0 25.17 
177 0.0 36347207.52 0.0 0.2 0.0 0.0 0.0 0.0 0.0 0.0 0.0 72.69 0.0 0.0 30.29 
178 0.0 29276223.98 0.0 0.16 0.0 0.0 0.0 0.0 0.0 0.0 0.0 58.55 0.0 0.0 24.4 
179 0.0 29243407.48 0.0 0.16 0.0 0.0 0.0 0.0 0.0 0.0 0.0 58.49 0.0 0.0 24.37 
180 0.0 26153751.52 0.0 0.15 0.0 0.0 0.0 0.0 0.0 0.0 0.0 52.31 0.0 0.0 21.79 
181 0.68 414.72 0.51 312.39 0.1 0.0 817.78 0.15 0.0 0.0 0.0 38.99 1.02 21582.34 23.51 
182 0.74 448.44 0.55 337.8 0.11 0.0 884.29 0.17 0.0 0.0 0.0 42.16 1.11 23337.58 25.42 
183 0.63 379.98 0.47 286.23 0.09 0.0 749.29 0.14 0.0 0.0 0.0 35.72 0.94 19774.83 21.54 
184 0.65 390.66 0.48 294.27 0.1 0.0 770.35 0.14 0.0 0.0 0.0 36.73 0.96 20330.64 22.15 
185 0.64 386.89 0.48 291.43 0.1 0.0 762.92 0.14 0.0 0.0 0.0 36.37 0.95 20134.41 21.93 
186 0.65 392.25 0.48 295.47 0.1 0.0 773.48 0.15 0.0 0.0 0.0 36.88 0.97 20413.3 22.24 
187 0.63 381.75 0.47 287.56 0.09 0.0 752.77 0.14 0.0 0.0 0.0 35.89 0.94 19866.62 21.64 
188 0.58 350.93 0.43 264.34 0.09 0.0 692.0 0.13 0.0 0.0 0.0 32.99 0.86 18262.75 19.89 
189 0.76 461.73 0.57 347.8 0.11 0.0 910.48 0.17 0.0 0.0 0.0 43.41 1.14 24028.75 26.18 
190 0.54 325.71 0.4 245.34 0.08 0.0 642.26 0.12 0.0 0.0 0.0 30.62 0.8 16950.12 18.46 
191 0.61 368.09 0.45 277.27 0.09 0.0 725.83 0.14 0.0 0.0 0.0 34.6 0.91 19155.74 20.87 
192 0.69 419.65 0.52 316.1 0.1 0.0 827.5 0.16 0.0 0.0 0.0 39.45 1.03 21838.84 23.79 
193 0.74 446.74 0.55 336.51 0.11 0.0 880.92 0.17 0.0 0.0 0.0 42.0 1.1 23248.82 25.33 
194 0.66 397.24 0.49 299.23 0.1 0.0 783.31 0.15 0.0 0.0 0.0 37.34 0.98 20672.68 22.52 
195 0.65 394.21 0.49 296.94 0.1 0.0 777.34 0.15 0.0 0.0 0.0 37.06 0.97 20515.08 22.35 
196 0.67 407.71 0.5 307.11 0.1 0.0 803.96 0.15 0.0 0.0 0.0 38.33 1.0 21217.56 23.11 
197 0.65 395.1 0.49 297.61 0.1 0.0 779.1 0.15 0.0 0.0 0.0 37.14 0.97 20561.39 22.4 
198 0.73 441.27 0.54 332.39 0.11 0.0 870.14 0.16 0.0 0.0 0.0 41.48 1.09 22964.18 25.02 
199 0.64 386.11 0.48 290.84 0.1 0.0 761.37 0.14 0.0 0.0 0.0 36.3 0.95 20093.59 21.89 
200 0.6 365.72 0.45 275.49 0.09 0.0 721.17 0.14 0.0 0.0 0.0 34.38 0.9 19032.58 20.73 
201 0.64 386.52 0.48 291.16 0.1 0.0 762.19 0.14 0.0 0.0 0.0 36.34 0.95 20115.16 21.91 
202 0.68 409.61 0.5 308.54 0.1 0.0 807.7 0.15 0.0 0.0 0.0 38.51 1.01 21316.35 23.22 
203 0.75 455.57 0.56 343.16 0.11 0.0 898.34 0.17 0.0 0.0 0.0 42.83 1.12 23708.35 25.83 
204 0.78 470.61 0.58 354.49 0.12 0.0 927.99 0.17 0.0 0.0 0.0 44.24 1.16 24490.94 26.68 
205 0.64 389.5 0.48 293.39 0.1 0.0 768.05 0.14 0.0 0.0 0.0 36.62 0.96 20269.81 22.08 
206 0.57 346.3 0.43 260.85 0.09 0.0 682.87 0.13 0.0 0.0 0.0 32.56 0.85 18021.75 19.63 
207 0.58 349.56 0.43 263.31 0.09 0.0 689.29 0.13 0.0 0.0 0.0 32.86 0.86 18191.33 19.82 
208 0.81 491.92 0.61 370.55 0.12 0.0 970.03 0.18 0.0 0.0 0.0 46.25 1.21 25600.31 27.89 
209 0.64 389.36 0.48 293.29 0.1 0.0 767.77 0.14 0.0 0.0 0.0 36.6 0.96 20262.52 22.07 
210 0.7 424.28 0.52 319.59 0.1 0.0 836.63 0.16 0.0 0.0 0.0 39.89 1.05 22079.88 24.05 
211 0.8 483.48 0.6 364.19 0.12 0.0 953.38 0.18 0.0 0.0 0.0 45.45 1.19 25161.08 27.41 
212 0.62 378.11 0.47 284.82 0.09 0.0 745.59 0.14 0.0 0.0 0.0 35.55 0.93 19677.16 21.44 
213 0.66 397.81 0.49 299.65 0.1 0.0 784.43 0.15 0.0 0.0 0.0 37.4 0.98 20702.29 22.55 
214 0.63 382.15 0.47 287.86 0.09 0.0 753.55 0.14 0.0 0.0 0.0 35.93 0.94 19887.28 21.66 
215 0.6 361.24 0.45 272.11 0.09 0.0 712.33 0.13 0.0 0.0 0.0 33.96 0.89 18799.28 20.48 
216 0.72 438.15 0.54 330.04 0.11 0.0 863.98 0.16 0.0 0.0 0.0 41.19 1.08 22801.63 24.84 
217 0.74 448.94 0.55 338.17 0.11 0.0 885.26 0.17 0.0 0.0 0.0 42.2 1.11 23363.12 25.45 
218 0.54 329.68 0.41 248.34 0.08 0.0 650.1 0.12 0.0 0.0 0.0 30.99 0.81 17157.06 18.69 
219 0.74 445.53 0.55 335.6 0.11 0.0 878.54 0.16 0.0 0.0 0.0 41.88 1.1 23185.8 25.26 
220 0.65 396.13 0.49 298.39 0.1 0.0 781.12 0.15 0.0 0.0 0.0 37.24 0.98 20614.9 22.46 
221 0.68 413.15 0.51 311.21 0.1 0.0 814.69 0.15 0.0 0.0 0.0 38.84 1.02 21500.79 23.42 
222 0.68 413.73 0.51 311.65 0.1 0.0 815.83 0.15 0.0 0.0 0.0 38.89 1.02 21530.86 23.46 
223 0.58 352.69 0.43 265.67 0.09 0.0 695.48 0.13 0.0 0.0 0.0 33.16 0.87 18354.59 19.99 
224 0.65 393.09 0.48 296.1 0.1 0.0 775.13 0.15 0.0 0.0 0.0 36.95 0.97 20456.76 22.28 
225 0.6 365.5 0.45 275.32 0.09 0.0 720.73 0.14 0.0 0.0 0.0 34.36 0.9 19020.98 20.72 
226 0.8 483.4 0.6 364.13 0.12 0.0 953.22 0.18 0.0 0.0 0.0 45.44 1.19 25156.79 27.41 
227 0.82 494.38 0.61 372.4 0.12 0.0 974.87 0.18 0.0 0.0 0.0 46.48 1.22 25728.1 28.03 
228 0.68 409.11 0.5 308.17 0.1 0.0 806.72 0.15 0.0 0.0 0.0 38.46 1.01 21290.52 23.19 
229 0.59 357.87 0.44 269.57 0.09 0.0 705.68 0.13 0.0 0.0 0.0 33.64 0.88 18623.96 20.29 
230 0.75 452.6 0.56 340.93 0.11 0.0 892.48 0.17 0.0 0.0 0.0 42.55 1.12 23553.89 25.66 
231 0.66 397.99 0.49 299.79 0.1 0.0 784.8 0.15 0.0 0.0 0.0 37.42 0.98 20711.95 22.56 
232 0.79 476.51 0.59 358.94 0.12 0.0 939.64 0.18 0.0 0.0 0.0 44.8 1.17 24798.27 27.01 
233 0.8 485.57 0.6 365.76 0.12 0.0 957.5 0.18 0.0 0.0 0.0 45.65 1.2 25269.68 27.53 
234 0.78 473.57 0.58 356.72 0.12 0.0 933.83 0.18 0.0 0.0 0.0 44.52 1.17 24645.12 26.85 
235 0.64 389.66 0.48 293.52 0.1 0.0 768.38 0.14 0.0 0.0 0.0 36.63 0.96 20278.58 22.09 
236 0.6 365.21 0.45 275.1 0.09 0.0 720.15 0.14 0.0 0.0 0.0 34.33 0.9 19005.85 20.7 
237 0.63 378.8 0.47 285.34 0.09 0.0 746.96 0.14 0.0 0.0 0.0 35.61 0.93 19713.2 21.47 
238 0.66 401.79 0.5 302.66 0.1 0.0 792.29 0.15 0.0 0.0 0.0 37.77 0.99 20909.69 22.78 
239 0.61 368.22 0.45 277.37 0.09 0.0 726.1 0.14 0.0 0.0 0.0 34.62 0.91 19162.66 20.88 
240 0.75 454.11 0.56 342.07 0.11 0.0 895.47 0.17 0.0 0.0 0.0 42.69 1.12 23632.67 25.74 
241 0.71 432.37 0.53 325.69 0.11 0.0 852.6 0.16 0.0 0.0 0.0 40.65 1.07 22501.21 24.51 
242 0.67 404.32 0.5 304.56 0.1 0.0 797.28 0.15 0.0 0.0 0.0 38.01 1.0 21041.39 22.92 
243 0.64 389.46 0.48 293.36 0.1 0.0 767.97 0.14 0.0 0.0 0.0 36.61 0.96 20267.75 22.08 
244 0.71 432.04 0.53 325.44 0.11 0.0 851.95 0.16 0.0 0.0 0.0 40.62 1.06 22484.0 24.49 
245 0.76 461.62 0.57 347.72 0.11 0.0 910.27 0.17 0.0 0.0 0.0 43.4 1.14 24023.37 26.17 
246 0.54 327.41 0.4 246.63 0.08 0.0 645.62 0.12 0.0 0.0 0.0 30.78 0.81 17038.7 18.56 
247 0.69 415.19 0.51 312.75 0.1 0.0 818.71 0.15 0.0 0.0 0.0 39.03 1.02 21606.88 23.54 
248 0.65 393.51 0.48 296.42 0.1 0.0 775.96 0.15 0.0 0.0 0.0 36.99 0.97 20478.72 22.31 
249 0.62 375.51 0.46 282.86 0.09 0.0 740.46 0.14 0.0 0.0 0.0 35.3 0.93 19541.8 21.29 
250 0.65 391.86 0.48 295.17 0.1 0.0 772.7 0.14 0.0 0.0 0.0 36.84 0.97 20392.6 22.22 
251 0.68 411.16 0.51 309.71 0.1 0.0 810.76 0.15 0.0 0.0 0.0 38.65 1.01 21397.11 23.31 
252 0.8 481.55 0.59 362.73 0.12 0.0 949.57 0.18 0.0 0.0 0.0 45.27 1.19 25060.33 27.3 
253 0.67 408.01 0.5 307.34 0.1 0.0 804.56 0.15 0.0 0.0 0.0 38.36 1.01 21233.57 23.13 
254 0.64 388.26 0.48 292.47 0.1 0.0 765.62 0.14 0.0 0.0 0.0 36.5 0.96 20205.73 22.01 
255 0.59 355.91 0.44 268.1 0.09 0.0 701.82 0.13 0.0 0.0 0.0 33.46 0.88 18522.12 20.18 
256 0.72 437.1 0.54 329.25 0.11 0.0 861.92 0.16 0.0 0.0 0.0 41.09 1.08 22747.25 24.78 
257 0.62 375.2 0.46 282.62 0.09 0.0 739.85 0.14 0.0 0.0 0.0 35.27 0.92 19525.67 21.27 
258 0.66 401.09 0.49 302.12 0.1 0.0 790.9 0.15 0.0 0.0 0.0 37.71 0.99 20872.95 22.74 
259 0.72 434.63 0.54 327.39 0.11 0.0 857.05 0.16 0.0 0.0 0.0 40.86 1.07 22618.65 24.64 
260 0.67 407.82 0.5 307.2 0.1 0.0 804.19 0.15 0.0 0.0 0.0 38.34 1.01 21223.67 23.12 
261 0.64 390.03 0.48 293.8 0.1 0.0 769.1 0.14 0.0 0.0 0.0 36.67 0.96 20297.65 22.11 
262 0.66 398.69 0.49 300.32 0.1 0.0 786.18 0.15 0.0 0.0 0.0 37.48 0.98 20748.43 22.6 
263 0.73 442.15 0.54 333.05 0.11 0.0 871.87 0.16 0.0 0.0 0.0 41.57 1.09 23009.79 25.07 
264 0.67 404.9 0.5 305.0 0.1 0.0 798.43 0.15 0.0 0.0 0.0 38.07 1.0 21071.64 22.95 
265 0.69 415.55 0.51 313.02 0.1 0.0 819.41 0.15 0.0 0.0 0.0 39.07 1.02 21625.46 23.56 
266 0.7 422.85 0.52 318.52 0.1 0.0 833.83 0.16 0.0 0.0 0.0 39.75 1.04 22005.86 23.97 
267 0.65 392.13 0.48 295.38 0.1 0.0 773.24 0.14 0.0 0.0 0.0 36.86 0.97 20406.78 22.23 
268 0.69 419.0 0.52 315.62 0.1 0.0 826.24 0.15 0.0 0.0 0.0 39.39 1.03 21805.48 23.75 
269 0.65 394.47 0.49 297.14 0.1 0.0 777.86 0.15 0.0 0.0 0.0 37.08 0.97 20528.67 22.36 
270 0.75 451.7 0.56 340.25 0.11 0.0 890.71 0.17 0.0 0.0 0.0 42.46 1.11 23506.99 25.61 
271 0.7 426.06 0.53 320.94 0.11 0.0 840.14 0.16 0.0 0.0 0.0 40.05 1.05 22172.58 24.15 
272 0.55 335.5 0.41 252.72 0.08 0.0 661.57 0.12 0.0 0.0 0.0 31.54 0.83 17459.82 19.02 
273 0.66 397.29 0.49 299.26 0.1 0.0 783.41 0.15 0.0 0.0 0.0 37.35 0.98 20675.31 22.52 
274 0.74 450.7 0.56 339.5 0.11 0.0 888.73 0.17 0.0 0.0 0.0 42.37 1.11 23454.91 25.55 
275 0.66 397.06 0.49 299.09 0.1 0.0 782.97 0.15 0.0 0.0 0.0 37.33 0.98 20663.67 22.51 
276 0.64 388.56 0.48 292.69 0.1 0.0 766.2 0.14 0.0 0.0 0.0 36.53 0.96 20221.03 22.03 
277 0.74 446.01 0.55 335.97 0.11 0.0 879.49 0.16 0.0 0.0 0.0 41.93 1.1 23211.07 25.29 
278 0.6 361.78 0.45 272.51 0.09 0.0 713.39 0.13 0.0 0.0 0.0 34.01 0.89 18827.34 20.51 
279 0.67 408.34 0.5 307.59 0.1 0.0 805.2 0.15 0.0 0.0 0.0 38.39 1.01 21250.41 23.15 
280 0.71 429.64 0.53 323.64 0.11 0.0 847.21 0.16 0.0 0.0 0.0 40.39 1.06 22359.12 24.36 
281 0.73 440.26 0.54 331.63 0.11 0.0 868.15 0.16 0.0 0.0 0.0 41.39 1.09 22911.78 24.96 
282 0.6 363.78 0.45 274.02 0.09 0.0 717.33 0.13 0.0 0.0 0.0 34.2 0.9 18931.38 20.62 
283 0.59 355.14 0.44 267.52 0.09 0.0 700.3 0.13 0.0 0.0 0.0 33.39 0.88 18481.96 20.13 
284 0.77 466.33 0.57 351.27 0.11 0.0 919.56 0.17 0.0 0.0 0.0 43.84 1.15 24268.57 26.44 
285 0.62 374.12 0.46 281.81 0.09 0.0 737.73 0.14 0.0 0.0 0.0 35.17 0.92 19469.61 21.21 
286 0.66 402.05 0.5 302.85 0.1 0.0 792.81 0.15 0.0 0.0 0.0 37.8 0.99 20923.33 22.79 
287 0.83 504.33 0.62 379.9 0.12 0.0 994.5 0.19 0.0 0.0 0.0 47.41 1.24 26246.17 28.59 
288 0.64 386.82 0.48 291.38 0.1 0.0 762.78 0.14 0.0 0.0 0.0 36.37 0.95 20130.82 21.93 
289 0.52 316.36 0.39 238.3 0.08 0.0 623.83 0.12 0.0 0.0 0.0 29.74 0.78 16463.86 17.94 
290 0.86 518.76 0.64 390.76 0.13 0.0 1022.94 0.19 0.0 0.0 0.0 48.77 1.28 26996.91 29.41 
291 0.74 446.78 0.55 336.54 0.11 0.0 881.01 0.17 0.0 0.0 0.0 42.0 1.1 23250.97 25.33 
292 0.69 420.26 0.52 316.56 0.1 0.0 828.7 0.16 0.0 0.0 0.0 39.51 1.04 21870.62 23.83 
293 0.86 518.37 0.64 390.47 0.13 0.0 1022.17 0.19 0.0 0.0 0.0 48.73 1.28 26976.49 29.39 
294 0.66 402.65 0.5 303.3 0.1 0.0 793.98 0.15 0.0 0.0 0.0 37.85 0.99 20954.19 22.83 
295 0.77 464.36 0.57 349.79 0.11 0.0 915.67 0.17 0.0 0.0 0.0 43.65 1.14 24165.91 26.33 
296 0.67 406.21 0.5 305.98 0.1 0.0 801.0 0.15 0.0 0.0 0.0 38.19 1.0 21139.41 23.03 
297 0.65 394.52 0.49 297.18 0.1 0.0 777.95 0.15 0.0 0.0 0.0 37.09 0.97 20531.13 22.37 
298 0.71 431.36 0.53 324.93 0.11 0.0 850.6 0.16 0.0 0.0 0.0 40.55 1.06 22448.53 24.45 
299 0.73 441.58 0.54 332.63 0.11 0.0 870.75 0.16 0.0 0.0 0.0 41.51 1.09 22980.32 25.03 
300 0.76 457.73 0.56 344.79 0.11 0.0 902.59 0.17 0.0 0.0 0.0 43.03 1.13 23820.58 25.95 
301 0.75 454.16 0.56 342.1 0.11 0.0 895.56 0.17 0.0 0.0 0.0 42.7 1.12 23635.09 25.75 
302 0.64 385.47 0.48 290.36 0.1 0.0 760.1 0.14 0.0 0.0 0.0 36.24 0.95 20060.15 21.85 
303 0.66 402.42 0.5 303.13 0.1 0.0 793.54 0.15 0.0 0.0 0.0 37.83 0.99 20942.63 22.81 
304 0.8 484.32 0.6 364.82 0.12 0.0 955.03 0.18 0.0 0.0 0.0 45.53 1.19 25204.55 27.46 
305 0.71 430.4 0.53 324.21 0.11 0.0 848.71 0.16 0.0 0.0 0.0 40.46 1.06 22398.54 24.4 
306 0.68 409.66 0.5 308.58 0.1 0.0 807.8 0.15 0.0 0.0 0.0 38.51 1.01 21319.04 23.22 
307 0.76 460.37 0.57 346.78 0.11 0.0 907.79 0.17 0.0 0.0 0.0 43.28 1.13 23957.94 26.1 
308 0.76 462.5 0.57 348.39 0.11 0.0 912.01 0.17 0.0 0.0 0.0 43.48 1.14 24069.27 26.22 
309 0.76 458.03 0.56 345.02 0.11 0.0 903.2 0.17 0.0 0.0 0.0 43.06 1.13 23836.64 25.97 
310 0.63 383.54 0.47 288.91 0.09 0.0 756.31 0.14 0.0 0.0 0.0 36.06 0.95 19959.93 21.74 
311 0.64 390.09 0.48 293.84 0.1 0.0 769.22 0.14 0.0 0.0 0.0 36.67 0.96 20300.7 22.11 
312 0.72 436.21 0.54 328.59 0.11 0.0 860.17 0.16 0.0 0.0 0.0 41.01 1.08 22701.09 24.73 
313 0.75 454.07 0.56 342.04 0.11 0.0 895.39 0.17 0.0 0.0 0.0 42.69 1.12 23630.55 25.74 
314 0.59 357.22 0.44 269.08 0.09 0.0 704.4 0.13 0.0 0.0 0.0 33.58 0.88 18589.95 20.25 
315 0.64 387.24 0.48 291.69 0.1 0.0 763.6 0.14 0.0 0.0 0.0 36.4 0.95 20152.4 21.95 
316 0.65 396.38 0.49 298.58 0.1 0.0 781.62 0.15 0.0 0.0 0.0 37.26 0.98 20628.15 22.47 
317 0.74 446.56 0.55 336.38 0.11 0.0 880.58 0.17 0.0 0.0 0.0 41.98 1.1 23239.71 25.32 
318 0.6 361.76 0.45 272.5 0.09 0.0 713.36 0.13 0.0 0.0 0.0 34.01 0.89 18826.55 20.51 
319 0.85 515.44 0.64 388.26 0.13 0.0 1016.4 0.19 0.0 0.0 0.0 48.46 1.27 26824.12 29.22 
320 0.68 409.35 0.5 308.35 0.1 0.0 807.2 0.15 0.0 0.0 0.0 38.48 1.01 21303.23 23.21 
321 0.71 430.86 0.53 324.55 0.11 0.0 849.61 0.16 0.0 0.0 0.0 40.5 1.06 22422.29 24.43 
322 0.82 496.17 0.61 373.74 0.12 0.0 978.39 0.18 0.0 0.0 0.0 46.64 1.22 25821.04 28.13 
323 0.71 431.23 0.53 324.83 0.11 0.0 850.33 0.16 0.0 0.0 0.0 40.54 1.06 22441.48 24.45 
324 0.72 436.34 0.54 328.68 0.11 0.0 860.41 0.16 0.0 0.0 0.0 41.02 1.08 22707.44 24.74 
325 0.66 398.73 0.49 300.35 0.1 0.0 786.25 0.15 0.0 0.0 0.0 37.48 0.98 20750.13 22.6 
326 0.7 424.98 0.52 320.13 0.1 0.0 838.02 0.16 0.0 0.0 0.0 39.95 1.05 22116.6 24.09 
327 0.6 363.12 0.45 273.53 0.09 0.0 716.04 0.13 0.0 0.0 0.0 34.14 0.9 18897.31 20.59 
328 0.67 402.88 0.5 303.47 0.1 0.0 794.44 0.15 0.0 0.0 0.0 37.87 0.99 20966.27 22.84 
329 0.67 407.49 0.5 306.95 0.1 0.0 803.53 0.15 0.0 0.0 0.0 38.31 1.0 21206.25 23.1 
330 0.6 365.82 0.45 275.56 0.09 0.0 721.36 0.14 0.0 0.0 0.0 34.39 0.9 19037.74 20.74 
