8.368250000000000410e-01 2.870000000000000000e+02
8.480499999999999705e-01 2.880000000000000000e+02
8.528249999999999442e-01 2.880000000000000000e+02
8.602500000000000702e-01 2.880000000000000000e+02
9.048749999999999849e-01 2.880000000000000000e+02
8.865750000000000020e-01 2.870000000000000000e+02
8.974750000000000227e-01 2.880000000000000000e+02
8.369250000000000300e-01 2.880000000000000000e+02
8.393249999999999877e-01 2.880000000000000000e+02
8.538499999999999979e-01 2.880000000000000000e+02
8.177250000000000352e-01 2.880000000000000000e+02
8.607249999999999623e-01 2.880000000000000000e+02
8.848499999999999144e-01 2.870000000000000000e+02
8.788500000000000201e-01 2.880000000000000000e+02
8.641250000000000320e-01 2.870000000000000000e+02
8.124750000000000583e-01 2.880000000000000000e+02
8.566499999999999115e-01 2.880000000000000000e+02
8.398749999999999272e-01 2.880000000000000000e+02
8.676500000000000323e-01 2.880000000000000000e+02
8.146249999999999325e-01 2.880000000000000000e+02
8.531500000000000750e-01 2.880000000000000000e+02
8.579250000000000487e-01 2.880000000000000000e+02
8.753500000000000725e-01 2.880000000000000000e+02
8.491500000000000714e-01 2.870000000000000000e+02
8.633250000000000091e-01 2.880000000000000000e+02
8.509999999999999787e-01 2.880000000000000000e+02
8.080499999999999350e-01 2.870000000000000000e+02
8.357499999999999929e-01 2.880000000000000000e+02
8.438499999999999890e-01 2.870000000000000000e+02
8.709749999999999437e-01 2.870000000000000000e+02
8.879000000000000226e-01 2.880000000000000000e+02
8.437749999999999417e-01 2.870000000000000000e+02
8.283000000000000362e-01 2.880000000000000000e+02
8.514999999999999236e-01 2.870000000000000000e+02
8.929500000000000215e-01 2.870000000000000000e+02
8.718249999999999611e-01 2.870000000000000000e+02
8.666999999999999149e-01 2.880000000000000000e+02
8.616999999999999105e-01 2.880000000000000000e+02
8.399250000000000327e-01 2.870000000000000000e+02
8.608750000000000568e-01 2.870000000000000000e+02
8.232500000000000373e-01 2.870000000000000000e+02
8.437250000000000583e-01 2.880000000000000000e+02
8.913250000000000339e-01 2.870000000000000000e+02
8.070749999999999869e-01 2.870000000000000000e+02
8.579749999999999321e-01 2.880000000000000000e+02
8.520499999999999741e-01 2.880000000000000000e+02
8.484000000000000430e-01 2.880000000000000000e+02
8.668000000000000149e-01 2.870000000000000000e+02
8.625250000000000972e-01 2.880000000000000000e+02
9.021250000000000657e-01 2.870000000000000000e+02
8.595250000000000945e-01 2.870000000000000000e+02
8.698749999999999538e-01 2.870000000000000000e+02
7.923250000000000570e-01 2.880000000000000000e+02
8.329499999999999682e-01 2.870000000000000000e+02
8.429249999999999243e-01 2.880000000000000000e+02
8.638250000000000650e-01 2.870000000000000000e+02
8.475999999999999091e-01 2.880000000000000000e+02
8.167500000000000870e-01 2.870000000000000000e+02
8.478749999999999343e-01 2.870000000000000000e+02
8.630249999999999311e-01 2.870000000000000000e+02
8.336250000000000604e-01 2.860000000000000000e+02
8.188249999999999140e-01 2.870000000000000000e+02
8.394000000000000350e-01 2.880000000000000000e+02
8.481499999999999595e-01 2.880000000000000000e+02
8.363249999999999851e-01 2.870000000000000000e+02
8.200250000000000039e-01 2.870000000000000000e+02
8.364499999999999158e-01 2.880000000000000000e+02
8.121749999999999803e-01 2.880000000000000000e+02
8.223249999999999726e-01 2.880000000000000000e+02
8.833999999999999631e-01 2.880000000000000000e+02
8.807499999999999218e-01 2.880000000000000000e+02
8.338750000000000329e-01 2.880000000000000000e+02
8.456749999999999545e-01 2.870000000000000000e+02
8.068249999999999034e-01 2.870000000000000000e+02
8.081499999999999240e-01 2.870000000000000000e+02
8.733250000000000179e-01 2.870000000000000000e+02
8.634249999999999980e-01 2.870000000000000000e+02
8.079749999999999988e-01 2.870000000000000000e+02
8.420250000000000234e-01 2.880000000000000000e+02
8.272999999999999243e-01 2.870000000000000000e+02
8.486500000000000155e-01 2.870000000000000000e+02
8.570999999999999730e-01 2.880000000000000000e+02
8.294749999999999623e-01 2.870000000000000000e+02
8.703750000000000098e-01 2.880000000000000000e+02
8.296750000000000513e-01 2.880000000000000000e+02
8.382749999999999924e-01 2.880000000000000000e+02
8.459750000000000325e-01 2.870000000000000000e+02
8.247249999999999304e-01 2.870000000000000000e+02
8.444000000000000394e-01 2.870000000000000000e+02
8.169750000000000068e-01 2.880000000000000000e+02
8.740749999999999353e-01 2.890000000000000000e+02
8.647000000000000242e-01 2.880000000000000000e+02
8.179250000000000131e-01 2.880000000000000000e+02
8.022000000000000242e-01 2.880000000000000000e+02
8.665749999999999842e-01 2.880000000000000000e+02
8.332500000000000462e-01 2.880000000000000000e+02
8.187999999999999723e-01 2.860000000000000000e+02
8.175250000000000572e-01 2.870000000000000000e+02
8.530750000000000277e-01 2.880000000000000000e+02
8.309750000000000192e-01 2.880000000000000000e+02
