1	0	0	0	0	0	0	0	0	2 0

6	330	330	714	0	0	0	0	

1	1	180	0	0	0	0	0	0	100	1	0	0	0	0
2	1	226	0	0	0	0	0	0	100	1	0	0	0	0
3	1	264	0	0	0	0	0	0	100	1	0	0	0	0
4	1	294	0	0	0	0	0	0	100	1	0	0	0	0
5	1	316	0	0	0	0	0	0	100	1	0	0	0	0
6	1	330	0	0	0	0	0	0	100	1	0	0	0	0

1 0 0 0 0 0 0 0 
2 0 0 0 0 0 0 0 
3 0 0 0 0 0 0 0 
4 0 0 0 0 0 0 0 
5 0 0 0 0 0 0 0 
6 0 0 0 0 0 0 0 
7 0 0 0 0 0 0 0 
8 0 0 0 0 0 0 0 
9 0 0 0 0 0 0 0 
10 0 0 0 0 0 0 0 
11 0 0 0 0 0 0 0 
12 0 0 0 0 0 0 0 
13 0 0 0 0 0 0 0 
14 0 0 0 0 0 0 0 
15 0 0 0 0 0 0 0 
16 0 0 0 0 0 0 0 
17 0 0 0 0 0 0 0 
18 0 0 0 0 0 0 0 
19 0 0 0 0 0 0 0 
20 0 0 0 0 0 0 0 
21 0 0 0 0 0 0 0 
22 0 0 0 0 0 0 0 
23 0 0 0 0 0 0 0 
24 0 0 0 0 0 0 0 
25 0 0 0 0 0 0 0 
26 0 0 0 0 0 0 0 
27 0 0 0 0 0 0 0 
28 0 0 0 0 0 0 0 
29 0 0 0 0 0 0 0 
30 0 0 0 0 0 0 0 
31 0 0 0 0 0 0 0 
32 0 0 0 0 0 0 0 
33 0 0 0 0 0 0 0 
34 0 0 0 0 0 0 0 
35 0 0 0 0 0 0 0 
36 0 0 0 0 0 0 0 
37 0 0 0 0 0 0 0 
38 0 0 0 0 0 0 0 
39 0 0 0 0 0 0 0 
40 0 0 0 0 0 0 0 
41 0 0 0 0 0 0 0 
42 0 0 0 0 0 0 0 
43 0 0 0 0 0 0 0 
44 0 0 0 0 0 0 0 
45 0 0 0 0 0 0 0 
46 0 0 0 0 0 0 0 
47 0 0 0 0 0 0 0 
48 0 0 0 0 0 0 0 
49 0 0 0 0 0 0 0 
50 0 0 0 0 0 0 0 
51 0 0 0 0 0 0 0 
52 0 0 0 0 0 0 0 
53 0 0 0 0 0 0 0 
54 0 0 0 0 0 0 0 
55 0 0 0 0 0 0 0 
56 0 0 0 0 0 0 0 
57 0 0 0 0 0 0 0 
58 0 0 0 0 0 0 0 
59 0 0 0 0 0 0 0 
60 0 0 0 0 0 0 0 
61 0 0 0 0 0 0 0 
62 0 0 0 0 0 0 0 
63 0 0 0 0 0 0 0 
64 0 0 0 0 0 0 0 
65 0 0 0 0 0 0 0 
66 0 0 0 0 0 0 0 
67 0 0 0 0 0 0 0 
68 0 0 0 0 0 0 0 
69 0 0 0 0 0 0 0 
70 0 0 0 0 0 0 0 
71 0 0 0 0 0 0 0 
72 0 0 0 0 0 0 0 
73 0 0 0 0 0 0 0 
74 0 0 0 0 0 0 0 
75 0 0 0 0 0 0 0 
76 0 0 0 0 0 0 0 
77 0 0 0 0 0 0 0 
78 0 0 0 0 0 0 0 
79 0 0 0 0 0 0 0 
80 0 0 0 0 0 0 0 
81 0 0 0 0 0 0 0 
82 0 0 0 0 0 0 0 
83 0 0 0 0 0 0 0 
84 0 0 0 0 0 0 0 
85 0 0 0 0 0 0 0 
86 0 0 0 0 0 0 0 
87 0 0 0 0 0 0 0 
88 0 0 0 0 0 0 0 
89 0 0 0 0 0 0 0 
90 0 0 0 0 0 0 0 
91 0 0 0 0 0 0 0 
92 0 0 0 0 0 0 0 
93 0 0 0 0 0 0 0 
94 0 0 0 0 0 0 0 
95 0 0 0 0 0 0 0 
96 0 0 0 0 0 0 0 
97 0 0 0 0 0 0 0 
98 0 0 0 0 0 0 0 
99 0 0 0 0 0 0 0 
100 0 0 0 0 0 0 0 
101 0 0 0 0 0 0 0 
102 0 0 0 0 0 0 0 
103 0 0 0 0 0 0 0 
104 0 0 0 0 0 0 0 
105 0 0 0 0 0 0 0 
106 0 0 0 0 0 0 0 
107 0 0 0 0 0 0 0 
108 0 0 0 0 0 0 0 
109 0 0 0 0 0 0 0 
110 0 0 0 0 0 0 0 
111 0 0 0 0 0 0 0 
112 0 0 0 0 0 0 0 
113 0 0 0 0 0 0 0 
114 0 0 0 0 0 0 0 
115 0 0 0 0 0 0 0 
116 0 0 0 0 0 0 0 
117 0 0 0 0 0 0 0 
118 0 0 0 0 0 0 0 
119 0 0 0 0 0 0 0 
120 0 0 0 0 0 0 0 
121 0 0 0 0 0 0 0 
122 0 0 0 0 0 0 0 
123 0 0 0 0 0 0 0 
124 0 0 0 0 0 0 0 
125 0 0 0 0 0 0 0 
126 0 0 0 0 0 0 0 
127 0 0 0 0 0 0 0 
128 0 0 0 0 0 0 0 
129 0 0 0 0 0 0 0 
130 0 0 0 0 0 0 0 
131 0 0 0 0 0 0 0 
132 0 0 0 0 0 0 0 
133 0 0 0 0 0 0 0 
134 0 0 0 0 0 0 0 
135 0 0 0 0 0 0 0 
136 0 0 0 0 0 0 0 
137 0 0 0 0 0 0 0 
138 0 0 0 0 0 0 0 
139 0 0 0 0 0 0 0 
140 0 0 0 0 0 0 0 
141 0 0 0 0 0 0 0 
142 0 0 0 0 0 0 0 
143 0 0 0 0 0 0 0 
144 0 0 0 0 0 0 0 
145 0 0 0 0 0 0 0 
146 0 0 0 0 0 0 0 
147 0 0 0 0 0 0 0 
148 0 0 0 0 0 0 0 
149 0 0 0 0 0 0 0 
150 0 0 0 0 0 0 0 
151 0 0 0 0 0 0 0 
152 0 0 0 0 0 0 0 
153 0 0 0 0 0 0 0 
154 0 0 0 0 0 0 0 
155 0 0 0 0 0 0 0 
156 0 0 0 0 0 0 0 
157 0 0 0 0 0 0 0 
158 0 0 0 0 0 0 0 
159 0 0 0 0 0 0 0 
160 0 0 0 0 0 0 0 
161 0 0 0 0 0 0 0 
162 0 0 0 0 0 0 0 
163 0 0 0 0 0 0 0 
164 0 0 0 0 0 0 0 
165 0 0 0 0 0 0 0 
166 0 0 0 0 0 0 0 
167 0 0 0 0 0 0 0 
168 0 0 0 0 0 0 0 
169 0 0 0 0 0 0 0 
170 0 0 0 0 0 0 0 
171 0 0 0 0 0 0 0 
172 0 0 0 0 0 0 0 
173 0 0 0 0 0 0 0 
174 0 0 0 0 0 0 0 
175 0 0 0 0 0 0 0 
176 0 0 0 0 0 0 0 
177 0 0 0 0 0 0 0 
178 0 0 0 0 0 0 0 
179 0 0 0 0 0 0 0 
180 0 0 0 0 0 0 0 
181 2 0 0 0 0 0 1 
182 2 0 0 0 0 0 1 
183 2 0 0 0 0 0 1 
184 2 0 0 0 0 0 1 
185 2 0 0 0 0 0 1 
186 2 0 0 0 0 0 1 
187 2 0 0 0 0 0 1 
188 2 0 0 0 0 0 1 
189 2 0 0 0 0 0 1 
190 2 0 0 0 0 0 1 
191 2 0 0 0 0 0 1 
192 2 0 0 0 0 0 1 
193 2 0 0 0 0 0 1 
194 2 0 0 0 0 0 1 
195 2 0 0 0 0 0 1 
196 2 0 0 0 0 0 1 
197 2 0 0 0 0 0 1 
198 2 0 0 0 0 0 1 
199 2 0 0 0 0 0 1 
200 2 0 0 0 0 0 1 
201 2 0 0 0 0 0 1 
202 2 0 0 0 0 0 1 
203 2 0 0 0 0 0 1 
204 2 0 0 0 0 0 1 
205 2 0 0 0 0 0 1 
206 2 0 0 0 0 0 1 
207 2 0 0 0 0 0 1 
208 2 0 0 0 0 0 1 
209 2 0 0 0 0 0 1 
210 2 0 0 0 0 0 1 
211 2 0 0 0 0 0 1 
212 2 0 0 0 0 0 1 
213 2 0 0 0 0 0 1 
214 2 0 0 0 0 0 1 
215 2 0 0 0 0 0 1 
216 2 0 0 0 0 0 1 
217 2 0 0 0 0 0 1 
218 2 0 0 0 0 0 1 
219 2 0 0 0 0 0 1 
220 2 0 0 0 0 0 1 
221 2 0 0 0 0 0 1 
222 2 0 0 0 0 0 1 
223 2 0 0 0 0 0 1 
224 2 0 0 0 0 0 1 
225 2 0 0 0 0 0 1 
226 2 0 0 0 0 0 1 
227 2 0 0 0 0 0 1 
228 2 0 0 0 0 0 1 
229 2 0 0 0 0 0 1 
230 2 0 0 0 0 0 1 
231 2 0 0 0 0 0 1 
232 2 0 0 0 0 0 1 
233 2 0 0 0 0 0 1 
234 2 0 0 0 0 0 1 
235 2 0 0 0 0 0 1 
236 2 0 0 0 0 0 1 
237 2 0 0 0 0 0 1 
238 2 0 0 0 0 0 1 
239 2 0 0 0 0 0 1 
240 2 0 0 0 0 0 1 
241 2 0 0 0 0 0 1 
242 2 0 0 0 0 0 1 
243 2 0 0 0 0 0 1 
244 2 0 0 0 0 0 1 
245 2 0 0 0 0 0 1 
246 2 0 0 0 0 0 1 
247 2 0 0 0 0 0 1 
248 2 0 0 0 0 0 1 
249 2 0 0 0 0 0 1 
250 2 0 0 0 0 0 1 
251 2 0 0 0 0 0 1 
252 2 0 0 0 0 0 1 
253 2 0 0 0 0 0 1 
254 2 0 0 0 0 0 1 
255 2 0 0 0 0 0 1 
256 2 0 0 0 0 0 1 
257 2 0 0 0 0 0 1 
258 2 0 0 0 0 0 1 
259 2 0 0 0 0 0 1 
260 2 0 0 0 0 0 1 
261 2 0 0 0 0 0 1 
262 2 0 0 0 0 0 1 
263 2 0 0 0 0 0 1 
264 2 0 0 0 0 0 1 
265 2 0 0 0 0 0 1 
266 2 0 0 0 0 0 1 
267 2 0 0 0 0 0 1 
268 2 0 0 0 0 0 1 
269 2 0 0 0 0 0 1 
270 2 0 0 0 0 0 1 
271 2 0 0 0 0 0 1 
272 2 0 0 0 0 0 1 
273 2 0 0 0 0 0 1 
274 2 0 0 0 0 0 1 
275 2 0 0 0 0 0 1 
276 2 0 0 0 0 0 1 
277 2 0 0 0 0 0 1 
278 2 0 0 0 0 0 1 
279 2 0 0 0 0 0 1 
280 2 0 0 0 0 0 1 
281 2 0 0 0 0 0 1 
282 2 0 0 0 0 0 1 
283 2 0 0 0 0 0 1 
284 2 0 0 0 0 0 1 
285 2 0 0 0 0 0 1 
286 2 0 0 0 0 0 1 
287 2 0 0 0 0 0 1 
288 2 0 0 0 0 0 1 
289 2 0 0 0 0 0 1 
290 2 0 0 0 0 0 1 
291 2 0 0 0 0 0 1 
292 2 0 0 0 0 0 1 
293 2 0 0 0 0 0 1 
294 2 0 0 0 0 0 1 
295 2 0 0 0 0 0 1 
296 2 0 0 0 0 0 1 
297 2 0 0 0 0 0 1 
298 2 0 0 0 0 0 1 
299 2 0 0 0 0 0 1 
300 2 0 0 0 0 0 1 
301 2 0 0 0 0 0 1 
302 2 0 0 0 0 0 1 
303 2 0 0 0 0 0 1 
304 2 0 0 0 0 0 1 
305 2 0 0 0 0 0 1 
306 2 0 0 0 0 0 1 
307 2 0 0 0 0 0 1 
308 2 0 0 0 0 0 1 
309 2 0 0 0 0 0 1 
310 2 0 0 0 0 0 1 
311 2 0 0 0 0 0 1 
312 2 0 0 0 0 0 1 
313 2 0 0 0 0 0 1 
314 2 0 0 0 0 0 1 
315 2 0 0 0 0 0 1 
316 2 0 0 0 0 0 1 
317 2 0 0 0 0 0 1 
318 2 0 0 0 0 0 1 
319 2 0 0 0 0 0 1 
320 2 0 0 0 0 0 1 
321 2 0 0 0 0 0 1 
322 2 0 0 0 0 0 1 
323 2 0 0 0 0 0 1 
324 2 0 0 0 0 0 1 
325 2 0 0 0 0 0 1 
326 2 0 0 0 0 0 1 
327 2 0 0 0 0 0 1 
328 2 0 0 0 0 0 1 
329 2 0 0 0 0 0 1 
330 2 0 0 0 0 0 1 
1 0.0 35365885.42 0.0 0.2 0.0 0.0 0.0 0.0 0.0 0.0 0.0 70.73 0.0 0.0 29.47 
2 0.0 31309529.55 0.0 0.17 0.0 0.0 0.0 0.0 0.0 0.0 0.0 62.62 0.0 0.0 26.09 
3 0.0 30289492.4 0.0 0.17 0.0 0.0 0.0 0.0 0.0 0.0 0.0 60.58 0.0 0.0 25.24 
4 0.0 24409521.89 0.0 0.14 0.0 0.0 0.0 0.0 0.0 0.0 0.0 48.82 0.0 0.0 20.34 
5 0.0 29167835.39 0.0 0.16 0.0 0.0 0.0 0.0 0.0 0.0 0.0 58.34 0.0 0.0 24.31 
6 0.0 28935723.06 0.0 0.16 0.0 0.0 0.0 0.0 0.0 0.0 0.0 57.87 0.0 0.0 24.11 
7 0.0 29751775.56 0.0 0.17 0.0 0.0 0.0 0.0 0.0 0.0 0.0 59.5 0.0 0.0 24.79 
8 0.0 28118997.97 0.0 0.16 0.0 0.0 0.0 0.0 0.0 0.0 0.0 56.24 0.0 0.0 23.43 
9 0.0 29868545.49 0.0 0.17 0.0 0.0 0.0 0.0 0.0 0.0 0.0 59.74 0.0 0.0 24.89 
10 0.0 28568345.91 0.0 0.16 0.0 0.0 0.0 0.0 0.0 0.0 0.0 57.14 0.0 0.0 23.81 
11 0.0 26058405.74 0.0 0.15 0.0 0.0 0.0 0.0 0.0 0.0 0.0 52.12 0.0 0.0 21.72 
12 0.0 32653867.14 0.0 0.18 0.0 0.0 0.0 0.0 0.0 0.0 0.0 65.31 0.0 0.0 27.21 
13 0.0 32643954.13 0.0 0.18 0.0 0.0 0.0 0.0 0.0 0.0 0.0 65.29 0.0 0.0 27.2 
14 0.0 35128719.19 0.0 0.2 0.0 0.0 0.0 0.0 0.0 0.0 0.0 70.26 0.0 0.0 29.27 
15 0.0 30150100.93 0.0 0.17 0.0 0.0 0.0 0.0 0.0 0.0 0.0 60.3 0.0 0.0 25.13 
16 0.0 28785967.76 0.0 0.16 0.0 0.0 0.0 0.0 0.0 0.0 0.0 57.57 0.0 0.0 23.99 
17 0.0 28363920.16 0.0 0.16 0.0 0.0 0.0 0.0 0.0 0.0 0.0 56.73 0.0 0.0 23.64 
18 0.0 25360568.05 0.0 0.14 0.0 0.0 0.0 0.0 0.0 0.0 0.0 50.72 0.0 0.0 21.13 
19 0.0 32947102.3 0.0 0.18 0.0 0.0 0.0 0.0 0.0 0.0 0.0 65.89 0.0 0.0 27.46 
20 0.0 26696797.11 0.0 0.15 0.0 0.0 0.0 0.0 0.0 0.0 0.0 53.39 0.0 0.0 22.25 
21 0.0 26444860.42 0.0 0.15 0.0 0.0 0.0 0.0 0.0 0.0 0.0 52.89 0.0 0.0 22.04 
22 0.0 29383050.3 0.0 0.16 0.0 0.0 0.0 0.0 0.0 0.0 0.0 58.77 0.0 0.0 24.49 
23 0.0 34458445.07 0.0 0.19 0.0 0.0 0.0 0.0 0.0 0.0 0.0 68.92 0.0 0.0 28.72 
24 0.0 30710148.8 0.0 0.17 0.0 0.0 0.0 0.0 0.0 0.0 0.0 61.42 0.0 0.0 25.59 
25 0.0 26928644.58 0.0 0.15 0.0 0.0 0.0 0.0 0.0 0.0 0.0 53.86 0.0 0.0 22.44 
26 0.0 27861020.4 0.0 0.16 0.0 0.0 0.0 0.0 0.0 0.0 0.0 55.72 0.0 0.0 23.22 
27 0.0 31875734.9 0.0 0.18 0.0 0.0 0.0 0.0 0.0 0.0 0.0 63.75 0.0 0.0 26.56 
28 0.0 29518459.91 0.0 0.16 0.0 0.0 0.0 0.0 0.0 0.0 0.0 59.04 0.0 0.0 24.6 
29 0.0 27693490.95 0.0 0.15 0.0 0.0 0.0 0.0 0.0 0.0 0.0 55.39 0.0 0.0 23.08 
30 0.0 29309907.83 0.0 0.16 0.0 0.0 0.0 0.0 0.0 0.0 0.0 58.62 0.0 0.0 24.42 
31 0.0 32235168.8 0.0 0.18 0.0 0.0 0.0 0.0 0.0 0.0 0.0 64.47 0.0 0.0 26.86 
32 0.0 35928332.35 0.0 0.2 0.0 0.0 0.0 0.0 0.0 0.0 0.0 71.86 0.0 0.0 29.94 
33 0.0 26267630.01 0.0 0.15 0.0 0.0 0.0 0.0 0.0 0.0 0.0 52.54 0.0 0.0 21.89 
34 0.0 28120749.27 0.0 0.16 0.0 0.0 0.0 0.0 0.0 0.0 0.0 56.24 0.0 0.0 23.43 
35 0.0 27588701.72 0.0 0.15 0.0 0.0 0.0 0.0 0.0 0.0 0.0 55.18 0.0 0.0 22.99 
36 0.0 22742750.48 0.0 0.13 0.0 0.0 0.0 0.0 0.0 0.0 0.0 45.49 0.0 0.0 18.95 
37 0.0 27228623.93 0.0 0.15 0.0 0.0 0.0 0.0 0.0 0.0 0.0 54.46 0.0 0.0 22.69 
38 0.0 26928372.72 0.0 0.15 0.0 0.0 0.0 0.0 0.0 0.0 0.0 53.86 0.0 0.0 22.44 
39 0.0 33371933.88 0.0 0.19 0.0 0.0 0.0 0.0 0.0 0.0 0.0 66.74 0.0 0.0 27.81 
40 0.0 29604257.3 0.0 0.16 0.0 0.0 0.0 0.0 0.0 0.0 0.0 59.21 0.0 0.0 24.67 
41 0.0 25130143.66 0.0 0.14 0.0 0.0 0.0 0.0 0.0 0.0 0.0 50.26 0.0 0.0 20.94 
42 0.0 31940026.36 0.0 0.18 0.0 0.0 0.0 0.0 0.0 0.0 0.0 63.88 0.0 0.0 26.62 
43 0.0 28931187.72 0.0 0.16 0.0 0.0 0.0 0.0 0.0 0.0 0.0 57.86 0.0 0.0 24.11 
44 0.0 24770576.89 0.0 0.14 0.0 0.0 0.0 0.0 0.0 0.0 0.0 49.54 0.0 0.0 20.64 
45 0.0 28210051.07 0.0 0.16 0.0 0.0 0.0 0.0 0.0 0.0 0.0 56.42 0.0 0.0 23.51 
46 0.0 28234216.86 0.0 0.16 0.0 0.0 0.0 0.0 0.0 0.0 0.0 56.47 0.0 0.0 23.53 
47 0.0 27378353.11 0.0 0.15 0.0 0.0 0.0 0.0 0.0 0.0 0.0 54.76 0.0 0.0 22.82 
48 0.0 30089141.45 0.0 0.17 0.0 0.0 0.0 0.0 0.0 0.0 0.0 60.18 0.0 0.0 25.07 
49 0.0 23255226.7 0.0 0.13 0.0 0.0 0.0 0.0 0.0 0.0 0.0 46.51 0.0 0.0 19.38 
50 0.0 29196714.41 0.0 0.16 0.0 0.0 0.0 0.0 0.0 0.0 0.0 58.39 0.0 0.0 24.33 
51 0.0 33039550.33 0.0 0.18 0.0 0.0 0.0 0.0 0.0 0.0 0.0 66.08 0.0 0.0 27.53 
52 0.0 32558393.52 0.0 0.18 0.0 0.0 0.0 0.0 0.0 0.0 0.0 65.12 0.0 0.0 27.13 
53 0.0 33324562.5 0.0 0.19 0.0 0.0 0.0 0.0 0.0 0.0 0.0 66.65 0.0 0.0 27.77 
54 0.0 33358171.97 0.0 0.19 0.0 0.0 0.0 0.0 0.0 0.0 0.0 66.72 0.0 0.0 27.8 
55 0.0 34462629.4 0.0 0.19 0.0 0.0 0.0 0.0 0.0 0.0 0.0 68.93 0.0 0.0 28.72 
56 0.0 26645097.95 0.0 0.15 0.0 0.0 0.0 0.0 0.0 0.0 0.0 53.29 0.0 0.0 22.2 
57 0.0 32537500.22 0.0 0.18 0.0 0.0 0.0 0.0 0.0 0.0 0.0 65.08 0.0 0.0 27.11 
58 0.0 24417331.41 0.0 0.14 0.0 0.0 0.0 0.0 0.0 0.0 0.0 48.83 0.0 0.0 20.35 
59 0.0 28191344.69 0.0 0.16 0.0 0.0 0.0 0.0 0.0 0.0 0.0 56.38 0.0 0.0 23.49 
60 0.0 24256583.87 0.0 0.14 0.0 0.0 0.0 0.0 0.0 0.0 0.0 48.51 0.0 0.0 20.21 
61 0.0 33144442.54 0.0 0.18 0.0 0.0 0.0 0.0 0.0 0.0 0.0 66.29 0.0 0.0 27.62 
62 0.0 34001213.46 0.0 0.19 0.0 0.0 0.0 0.0 0.0 0.0 0.0 68.0 0.0 0.0 28.33 
63 0.0 29407755.96 0.0 0.16 0.0 0.0 0.0 0.0 0.0 0.0 0.0 58.82 0.0 0.0 24.51 
64 0.0 35323935.09 0.0 0.2 0.0 0.0 0.0 0.0 0.0 0.0 0.0 70.65 0.0 0.0 29.44 
65 0.0 27975817.47 0.0 0.16 0.0 0.0 0.0 0.0 0.0 0.0 0.0 55.95 0.0 0.0 23.31 
66 0.0 30451850.6 0.0 0.17 0.0 0.0 0.0 0.0 0.0 0.0 0.0 60.9 0.0 0.0 25.38 
67 0.0 30458837.11 0.0 0.17 0.0 0.0 0.0 0.0 0.0 0.0 0.0 60.92 0.0 0.0 25.38 
68 0.0 26807414.18 0.0 0.15 0.0 0.0 0.0 0.0 0.0 0.0 0.0 53.61 0.0 0.0 22.34 
69 0.0 31313839.83 0.0 0.17 0.0 0.0 0.0 0.0 0.0 0.0 0.0 62.63 0.0 0.0 26.09 
70 0.0 35816935.38 0.0 0.2 0.0 0.0 0.0 0.0 0.0 0.0 0.0 71.63 0.0 0.0 29.85 
71 0.0 26925207.38 0.0 0.15 0.0 0.0 0.0 0.0 0.0 0.0 0.0 53.85 0.0 0.0 22.44 
72 0.0 32698015.34 0.0 0.18 0.0 0.0 0.0 0.0 0.0 0.0 0.0 65.4 0.0 0.0 27.25 
73 0.0 29536479.44 0.0 0.16 0.0 0.0 0.0 0.0 0.0 0.0 0.0 59.07 0.0 0.0 24.61 
74 0.0 35308881.91 0.0 0.2 0.0 0.0 0.0 0.0 0.0 0.0 0.0 70.62 0.0 0.0 29.42 
75 0.0 31451365.04 0.0 0.18 0.0 0.0 0.0 0.0 0.0 0.0 0.0 62.9 0.0 0.0 26.21 
76 0.0 32028649.2 0.0 0.18 0.0 0.0 0.0 0.0 0.0 0.0 0.0 64.06 0.0 0.0 26.69 
77 0.0 31929489.84 0.0 0.18 0.0 0.0 0.0 0.0 0.0 0.0 0.0 63.86 0.0 0.0 26.61 
78 0.0 30747260.12 0.0 0.17 0.0 0.0 0.0 0.0 0.0 0.0 0.0 61.49 0.0 0.0 25.62 
79 0.0 25812709.49 0.0 0.14 0.0 0.0 0.0 0.0 0.0 0.0 0.0 51.63 0.0 0.0 21.51 
80 0.0 34174988.72 0.0 0.19 0.0 0.0 0.0 0.0 0.0 0.0 0.0 68.35 0.0 0.0 28.48 
81 0.0 25887992.96 0.0 0.14 0.0 0.0 0.0 0.0 0.0 0.0 0.0 51.78 0.0 0.0 21.57 
82 0.0 30715689.58 0.0 0.17 0.0 0.0 0.0 0.0 0.0 0.0 0.0 61.43 0.0 0.0 25.6 
83 0.0 31842231.26 0.0 0.18 0.0 0.0 0.0 0.0 0.0 0.0 0.0 63.68 0.0 0.0 26.54 
84 0.0 27486263.18 0.0 0.15 0.0 0.0 0.0 0.0 0.0 0.0 0.0 54.97 0.0 0.0 22.91 
85 0.0 30435189.64 0.0 0.17 0.0 0.0 0.0 0.0 0.0 0.0 0.0 60.87 0.0 0.0 25.36 
86 0.0 33503646.86 0.0 0.19 0.0 0.0 0.0 0.0 0.0 0.0 0.0 67.01 0.0 0.0 27.92 
87 0.0 29927686.59 0.0 0.17 0.0 0.0 0.0 0.0 0.0 0.0 0.0 59.86 0.0 0.0 24.94 
88 0.0 27334027.75 0.0 0.15 0.0 0.0 0.0 0.0 0.0 0.0 0.0 54.67 0.0 0.0 22.78 
89 0.0 21252786.74 0.0 0.12 0.0 0.0 0.0 0.0 0.0 0.0 0.0 42.51 0.0 0.0 17.71 
90 0.0 27084478.49 0.0 0.15 0.0 0.0 0.0 0.0 0.0 0.0 0.0 54.17 0.0 0.0 22.57 
91 0.0 28226763.78 0.0 0.16 0.0 0.0 0.0 0.0 0.0 0.0 0.0 56.45 0.0 0.0 23.52 
92 0.0 28450747.9 0.0 0.16 0.0 0.0 0.0 0.0 0.0 0.0 0.0 56.9 0.0 0.0 23.71 
93 0.0 27120011.46 0.0 0.15 0.0 0.0 0.0 0.0 0.0 0.0 0.0 54.24 0.0 0.0 22.6 
94 0.0 31131885.7 0.0 0.17 0.0 0.0 0.0 0.0 0.0 0.0 0.0 62.26 0.0 0.0 25.94 
95 0.0 28275874.74 0.0 0.16 0.0 0.0 0.0 0.0 0.0 0.0 0.0 56.55 0.0 0.0 23.56 
96 0.0 29671637.0 0.0 0.17 0.0 0.0 0.0 0.0 0.0 0.0 0.0 59.34 0.0 0.0 24.73 
97 0.0 32037214.8 0.0 0.18 0.0 0.0 0.0 0.0 0.0 0.0 0.0 64.07 0.0 0.0 26.7 
98 0.0 27433688.49 0.0 0.15 0.0 0.0 0.0 0.0 0.0 0.0 0.0 54.87 0.0 0.0 22.86 
99 0.0 29099381.78 0.0 0.16 0.0 0.0 0.0 0.0 0.0 0.0 0.0 58.2 0.0 0.0 24.25 
100 0.0 36474448.03 0.0 0.2 0.0 0.0 0.0 0.0 0.0 0.0 0.0 72.95 0.0 0.0 30.4 
101 0.0 32622857.17 0.0 0.18 0.0 0.0 0.0 0.0 0.0 0.0 0.0 65.25 0.0 0.0 27.19 
102 0.0 26119390.1 0.0 0.15 0.0 0.0 0.0 0.0 0.0 0.0 0.0 52.24 0.0 0.0 21.77 
103 0.0 29760777.19 0.0 0.17 0.0 0.0 0.0 0.0 0.0 0.0 0.0 59.52 0.0 0.0 24.8 
104 0.0 31693456.55 0.0 0.18 0.0 0.0 0.0 0.0 0.0 0.0 0.0 63.39 0.0 0.0 26.41 
105 0.0 33700413.13 0.0 0.19 0.0 0.0 0.0 0.0 0.0 0.0 0.0 67.4 0.0 0.0 28.08 
106 0.0 30446959.18 0.0 0.17 0.0 0.0 0.0 0.0 0.0 0.0 0.0 60.89 0.0 0.0 25.37 
107 0.0 28408253.57 0.0 0.16 0.0 0.0 0.0 0.0 0.0 0.0 0.0 56.82 0.0 0.0 23.67 
108 0.0 27808420.07 0.0 0.15 0.0 0.0 0.0 0.0 0.0 0.0 0.0 55.62 0.0 0.0 23.17 
109 0.0 31935185.95 0.0 0.18 0.0 0.0 0.0 0.0 0.0 0.0 0.0 63.87 0.0 0.0 26.61 
110 0.0 30939181.12 0.0 0.17 0.0 0.0 0.0 0.0 0.0 0.0 0.0 61.88 0.0 0.0 25.78 
111 0.0 28450056.23 0.0 0.16 0.0 0.0 0.0 0.0 0.0 0.0 0.0 56.9 0.0 0.0 23.71 
112 0.0 29432785.0 0.0 0.16 0.0 0.0 0.0 0.0 0.0 0.0 0.0 58.87 0.0 0.0 24.53 
113 0.0 28751405.95 0.0 0.16 0.0 0.0 0.0 0.0 0.0 0.0 0.0 57.5 0.0 0.0 23.96 
114 0.0 32173972.97 0.0 0.18 0.0 0.0 0.0 0.0 0.0 0.0 0.0 64.35 0.0 0.0 26.81 
115 0.0 27930117.97 0.0 0.16 0.0 0.0 0.0 0.0 0.0 0.0 0.0 55.86 0.0 0.0 23.28 
116 0.0 31459243.43 0.0 0.18 0.0 0.0 0.0 0.0 0.0 0.0 0.0 62.92 0.0 0.0 26.22 
117 0.0 32554556.85 0.0 0.18 0.0 0.0 0.0 0.0 0.0 0.0 0.0 65.11 0.0 0.0 27.13 
118 0.0 31458747.98 0.0 0.18 0.0 0.0 0.0 0.0 0.0 0.0 0.0 62.92 0.0 0.0 26.22 
119 0.0 27497280.45 0.0 0.15 0.0 0.0 0.0 0.0 0.0 0.0 0.0 54.99 0.0 0.0 22.91 
120 0.0 34034977.37 0.0 0.19 0.0 0.0 0.0 0.0 0.0 0.0 0.0 68.07 0.0 0.0 28.36 
121 0.0 27965361.96 0.0 0.16 0.0 0.0 0.0 0.0 0.0 0.0 0.0 55.93 0.0 0.0 23.3 
122 0.0 31279305.22 0.0 0.17 0.0 0.0 0.0 0.0 0.0 0.0 0.0 62.56 0.0 0.0 26.07 
123 0.0 27739995.62 0.0 0.15 0.0 0.0 0.0 0.0 0.0 0.0 0.0 55.48 0.0 0.0 23.12 
124 0.0 24767669.25 0.0 0.14 0.0 0.0 0.0 0.0 0.0 0.0 0.0 49.54 0.0 0.0 20.64 
125 0.0 30677250.8 0.0 0.17 0.0 0.0 0.0 0.0 0.0 0.0 0.0 61.35 0.0 0.0 25.56 
126 0.0 30861105.49 0.0 0.17 0.0 0.0 0.0 0.0 0.0 0.0 0.0 61.72 0.0 0.0 25.72 
127 0.0 29767677.12 0.0 0.17 0.0 0.0 0.0 0.0 0.0 0.0 0.0 59.54 0.0 0.0 24.81 
128 0.0 30828205.49 0.0 0.17 0.0 0.0 0.0 0.0 0.0 0.0 0.0 61.66 0.0 0.0 25.69 
129 0.0 28054767.34 0.0 0.16 0.0 0.0 0.0 0.0 0.0 0.0 0.0 56.11 0.0 0.0 23.38 
130 0.0 27787605.49 0.0 0.15 0.0 0.0 0.0 0.0 0.0 0.0 0.0 55.58 0.0 0.0 23.16 
131 0.0 29495729.7 0.0 0.16 0.0 0.0 0.0 0.0 0.0 0.0 0.0 58.99 0.0 0.0 24.58 
132 0.0 35727830.43 0.0 0.2 0.0 0.0 0.0 0.0 0.0 0.0 0.0 71.46 0.0 0.0 29.77 
133 0.0 32444443.62 0.0 0.18 0.0 0.0 0.0 0.0 0.0 0.0 0.0 64.89 0.0 0.0 27.04 
134 0.0 28440024.74 0.0 0.16 0.0 0.0 0.0 0.0 0.0 0.0 0.0 56.88 0.0 0.0 23.7 
135 0.0 31676139.61 0.0 0.18 0.0 0.0 0.0 0.0 0.0 0.0 0.0 63.35 0.0 0.0 26.4 
136 0.0 28564906.02 0.0 0.16 0.0 0.0 0.0 0.0 0.0 0.0 0.0 57.13 0.0 0.0 23.8 
137 0.0 28628217.64 0.0 0.16 0.0 0.0 0.0 0.0 0.0 0.0 0.0 57.26 0.0 0.0 23.86 
138 0.0 32577852.02 0.0 0.18 0.0 0.0 0.0 0.0 0.0 0.0 0.0 65.16 0.0 0.0 27.15 
139 0.0 28424206.06 0.0 0.16 0.0 0.0 0.0 0.0 0.0 0.0 0.0 56.85 0.0 0.0 23.69 
140 0.0 24973096.1 0.0 0.14 0.0 0.0 0.0 0.0 0.0 0.0 0.0 49.95 0.0 0.0 20.81 
141 0.0 27280515.9 0.0 0.15 0.0 0.0 0.0 0.0 0.0 0.0 0.0 54.56 0.0 0.0 22.73 
142 0.0 30265245.62 0.0 0.17 0.0 0.0 0.0 0.0 0.0 0.0 0.0 60.53 0.0 0.0 25.22 
143 0.0 30384023.46 0.0 0.17 0.0 0.0 0.0 0.0 0.0 0.0 0.0 60.77 0.0 0.0 25.32 
144 0.0 33724849.55 0.0 0.19 0.0 0.0 0.0 0.0 0.0 0.0 0.0 67.45 0.0 0.0 28.1 
145 0.0 27851922.61 0.0 0.16 0.0 0.0 0.0 0.0 0.0 0.0 0.0 55.7 0.0 0.0 23.21 
146 0.0 32194397.21 0.0 0.18 0.0 0.0 0.0 0.0 0.0 0.0 0.0 64.39 0.0 0.0 26.83 
147 0.0 31277900.25 0.0 0.17 0.0 0.0 0.0 0.0 0.0 0.0 0.0 62.56 0.0 0.0 26.06 
148 0.0 29552958.68 0.0 0.16 0.0 0.0 0.0 0.0 0.0 0.0 0.0 59.11 0.0 0.0 24.63 
149 0.0 32507531.71 0.0 0.18 0.0 0.0 0.0 0.0 0.0 0.0 0.0 65.02 0.0 0.0 27.09 
150 0.0 31476356.71 0.0 0.18 0.0 0.0 0.0 0.0 0.0 0.0 0.0 62.95 0.0 0.0 26.23 
151 0.0 27413074.54 0.0 0.15 0.0 0.0 0.0 0.0 0.0 0.0 0.0 54.83 0.0 0.0 22.84 
152 0.0 33215051.79 0.0 0.18 0.0 0.0 0.0 0.0 0.0 0.0 0.0 66.43 0.0 0.0 27.68 
153 0.0 26337294.24 0.0 0.15 0.0 0.0 0.0 0.0 0.0 0.0 0.0 52.67 0.0 0.0 21.95 
154 0.0 30178846.3 0.0 0.17 0.0 0.0 0.0 0.0 0.0 0.0 0.0 60.36 0.0 0.0 25.15 
155 0.0 30007332.49 0.0 0.17 0.0 0.0 0.0 0.0 0.0 0.0 0.0 60.01 0.0 0.0 25.01 
156 0.0 31273907.16 0.0 0.17 0.0 0.0 0.0 0.0 0.0 0.0 0.0 62.55 0.0 0.0 26.06 
157 0.0 27823699.56 0.0 0.15 0.0 0.0 0.0 0.0 0.0 0.0 0.0 55.65 0.0 0.0 23.19 
158 0.0 29895169.84 0.0 0.17 0.0 0.0 0.0 0.0 0.0 0.0 0.0 59.79 0.0 0.0 24.91 
159 0.0 29578139.92 0.0 0.16 0.0 0.0 0.0 0.0 0.0 0.0 0.0 59.16 0.0 0.0 24.65 
160 0.0 32991265.1 0.0 0.18 0.0 0.0 0.0 0.0 0.0 0.0 0.0 65.98 0.0 0.0 27.49 
161 0.0 27612255.92 0.0 0.15 0.0 0.0 0.0 0.0 0.0 0.0 0.0 55.22 0.0 0.0 23.01 
162 0.0 30218236.59 0.0 0.17 0.0 0.0 0.0 0.0 0.0 0.0 0.0 60.44 0.0 0.0 25.18 
163 0.0 29216278.55 0.0 0.16 0.0 0.0 0.0 0.0 0.0 0.0 0.0 58.43 0.0 0.0 24.35 
164 0.0 26105860.09 0.0 0.15 0.0 0.0 0.0 0.0 0.0 0.0 0.0 52.21 0.0 0.0 21.75 
165 0.0 38028337.4 0.0 0.21 0.0 0.0 0.0 0.0 0.0 0.0 0.0 76.06 0.0 0.0 31.69 
166 0.0 29786342.92 0.0 0.17 0.0 0.0 0.0 0.0 0.0 0.0 0.0 59.57 0.0 0.0 24.82 
167 0.0 25540025.79 0.0 0.14 0.0 0.0 0.0 0.0 0.0 0.0 0.0 51.08 0.0 0.0 21.28 
168 0.0 34225880.88 0.0 0.19 0.0 0.0 0.0 0.0 0.0 0.0 0.0 68.45 0.0 0.0 28.52 
169 0.0 26788243.5 0.0 0.15 0.0 0.0 0.0 0.0 0.0 0.0 0.0 53.58 0.0 0.0 22.32 
170 0.0 31112609.92 0.0 0.17 0.0 0.0 0.0 0.0 0.0 0.0 0.0 62.23 0.0 0.0 25.93 
171 0.0 32588496.28 0.0 0.18 0.0 0.0 0.0 0.0 0.0 0.0 0.0 65.18 0.0 0.0 27.16 
172 0.0 28054703.93 0.0 0.16 0.0 0.0 0.0 0.0 0.0 0.0 0.0 56.11 0.0 0.0 23.38 
173 0.0 28707329.83 0.0 0.16 0.0 0.0 0.0 0.0 0.0 0.0 0.0 57.41 0.0 0.0 23.92 
174 0.0 28379189.21 0.0 0.16 0.0 0.0 0.0 0.0 0.0 0.0 0.0 56.76 0.0 0.0 23.65 
175 0.0 29611916.97 0.0 0.16 0.0 0.0 0.0 0.0 0.0 0.0 0.0 59.22 0.0 0.0 24.68 
176 0.0 25132616.49 0.0 0.14 0.0 0.0 0.0 0.0 0.0 0.0 0.0 50.27 0.0 0.0 20.94 
177 0.0 26293090.13 0.0 0.15 0.0 0.0 0.0 0.0 0.0 0.0 0.0 52.59 0.0 0.0 21.91 
178 0.0 29577640.67 0.0 0.16 0.0 0.0 0.0 0.0 0.0 0.0 0.0 59.16 0.0 0.0 24.65 
179 0.0 33116856.35 0.0 0.18 0.0 0.0 0.0 0.0 0.0 0.0 0.0 66.23 0.0 0.0 27.6 
180 0.0 31895232.53 0.0 0.18 0.0 0.0 0.0 0.0 0.0 0.0 0.0 63.79 0.0 0.0 26.58 
181 0.79 475.86 0.59 358.45 0.12 0.0 938.35 0.18 0.0 0.0 0.0 44.74 1.17 24764.44 26.98 
182 0.72 433.86 0.53 326.81 0.11 0.0 855.52 0.16 0.0 0.0 0.0 40.79 1.07 22578.46 24.6 
183 0.64 384.96 0.47 289.98 0.09 0.0 759.11 0.14 0.0 0.0 0.0 36.19 0.95 20033.95 21.82 
184 0.66 400.72 0.49 301.85 0.1 0.0 790.17 0.15 0.0 0.0 0.0 37.67 0.99 20853.74 22.72 
185 0.53 323.33 0.4 243.55 0.08 0.0 637.57 0.12 0.0 0.0 0.0 30.4 0.8 16826.31 18.33 
186 0.61 366.72 0.45 276.24 0.09 0.0 723.14 0.14 0.0 0.0 0.0 34.48 0.9 19084.61 20.79 
187 0.6 364.3 0.45 274.42 0.09 0.0 718.37 0.13 0.0 0.0 0.0 34.25 0.9 18958.81 20.65 
188 0.69 416.68 0.51 313.87 0.1 0.0 821.65 0.15 0.0 0.0 0.0 39.17 1.03 21684.41 23.62 
189 0.71 431.98 0.53 325.4 0.11 0.0 851.83 0.16 0.0 0.0 0.0 40.61 1.06 22480.87 24.49 
190 0.63 382.97 0.47 288.47 0.09 0.0 755.17 0.14 0.0 0.0 0.0 36.0 0.94 19929.98 21.71 
191 0.63 381.82 0.47 287.62 0.09 0.0 752.92 0.14 0.0 0.0 0.0 35.9 0.94 19870.59 21.65 
192 0.57 342.96 0.42 258.34 0.08 0.0 676.28 0.13 0.0 0.0 0.0 32.24 0.85 17847.84 19.44 
193 0.66 400.52 0.49 301.7 0.1 0.0 789.78 0.15 0.0 0.0 0.0 37.65 0.99 20843.35 22.71 
194 0.69 415.77 0.51 313.18 0.1 0.0 819.85 0.15 0.0 0.0 0.0 39.09 1.02 21637.06 23.57 
195 0.7 423.79 0.52 319.22 0.1 0.0 835.66 0.16 0.0 0.0 0.0 39.84 1.04 22054.28 24.03 
196 0.62 373.95 0.46 281.68 0.09 0.0 737.38 0.14 0.0 0.0 0.0 35.15 0.92 19460.56 21.2 
197 0.8 486.37 0.6 366.37 0.12 0.0 959.08 0.18 0.0 0.0 0.0 45.72 1.2 25311.42 27.57 
198 0.75 454.18 0.56 342.12 0.11 0.0 895.6 0.17 0.0 0.0 0.0 42.7 1.12 23636.24 25.75 
199 0.66 401.84 0.5 302.69 0.1 0.0 792.38 0.15 0.0 0.0 0.0 37.78 0.99 20912.02 22.78 
200 0.63 384.31 0.47 289.49 0.09 0.0 757.82 0.14 0.0 0.0 0.0 36.13 0.95 20000.04 21.79 
201 0.65 392.65 0.48 295.77 0.1 0.0 774.27 0.15 0.0 0.0 0.0 36.91 0.97 20434.14 22.26 
202 0.68 411.83 0.51 310.22 0.1 0.0 812.09 0.15 0.0 0.0 0.0 38.72 1.02 21432.18 23.35 
203 0.67 404.94 0.5 305.03 0.1 0.0 798.51 0.15 0.0 0.0 0.0 38.07 1.0 21073.77 22.96 
204 0.7 425.32 0.52 320.38 0.1 0.0 838.68 0.16 0.0 0.0 0.0 39.98 1.05 22133.98 24.11 
205 0.72 436.9 0.54 329.1 0.11 0.0 861.52 0.16 0.0 0.0 0.0 41.07 1.08 22736.62 24.77 
206 0.76 461.13 0.57 347.35 0.11 0.0 909.3 0.17 0.0 0.0 0.0 43.35 1.14 23997.66 26.14 
207 0.75 452.24 0.56 340.66 0.11 0.0 891.78 0.17 0.0 0.0 0.0 42.52 1.11 23535.33 25.64 
208 0.66 401.23 0.49 302.23 0.1 0.0 791.18 0.15 0.0 0.0 0.0 37.72 0.99 20880.37 22.75 
209 0.7 421.45 0.52 317.46 0.1 0.0 831.06 0.16 0.0 0.0 0.0 39.62 1.04 21932.82 23.89 
210 0.64 389.99 0.48 293.77 0.1 0.0 769.03 0.14 0.0 0.0 0.0 36.66 0.96 20295.75 22.11 
211 0.63 381.88 0.47 287.65 0.09 0.0 753.02 0.14 0.0 0.0 0.0 35.9 0.94 19873.3 21.65 
212 0.8 483.22 0.6 363.99 0.12 0.0 952.87 0.18 0.0 0.0 0.0 45.43 1.19 25147.45 27.39 
213 0.64 387.04 0.48 291.55 0.1 0.0 763.21 0.14 0.0 0.0 0.0 36.39 0.95 20142.22 21.94 
214 0.8 486.46 0.6 366.44 0.12 0.0 959.26 0.18 0.0 0.0 0.0 45.73 1.2 25316.16 27.58 
215 0.65 391.54 0.48 294.93 0.1 0.0 772.08 0.14 0.0 0.0 0.0 36.81 0.97 20376.18 22.2 
216 0.69 415.96 0.51 313.33 0.1 0.0 820.23 0.15 0.0 0.0 0.0 39.1 1.03 21646.89 23.58 
217 0.74 449.9 0.55 338.89 0.11 0.0 887.15 0.17 0.0 0.0 0.0 42.3 1.11 23413.18 25.51 
218 0.67 406.67 0.5 306.33 0.1 0.0 801.91 0.15 0.0 0.0 0.0 38.23 1.0 21163.61 23.06 
219 0.7 421.65 0.52 317.61 0.1 0.0 831.45 0.16 0.0 0.0 0.0 39.64 1.04 21943.11 23.9 
220 0.65 395.91 0.49 298.22 0.1 0.0 780.69 0.15 0.0 0.0 0.0 37.22 0.98 20603.46 22.44 
221 0.64 386.41 0.48 291.07 0.1 0.0 761.96 0.14 0.0 0.0 0.0 36.33 0.95 20109.12 21.91 
222 0.66 398.97 0.49 300.53 0.1 0.0 786.74 0.15 0.0 0.0 0.0 37.51 0.98 20763.09 22.62 
223 0.63 379.34 0.47 285.74 0.09 0.0 748.02 0.14 0.0 0.0 0.0 35.66 0.94 19741.35 21.51 
224 0.78 471.89 0.58 355.46 0.12 0.0 930.51 0.17 0.0 0.0 0.0 44.36 1.16 24557.46 26.75 
225 0.66 398.9 0.49 300.48 0.1 0.0 786.58 0.15 0.0 0.0 0.0 37.5 0.98 20759.04 22.61 
226 0.79 475.59 0.59 358.24 0.12 0.0 937.81 0.18 0.0 0.0 0.0 44.71 1.17 24750.19 26.96 
227 0.49 296.77 0.37 223.54 0.07 0.0 585.19 0.11 0.0 0.0 0.0 27.9 0.73 15444.0 16.82 
228 0.67 406.45 0.5 306.16 0.1 0.0 801.47 0.15 0.0 0.0 0.0 38.21 1.0 21151.99 23.04 
229 0.71 428.5 0.53 322.77 0.11 0.0 844.96 0.16 0.0 0.0 0.0 40.28 1.06 22299.55 24.29 
230 0.65 393.78 0.49 296.62 0.1 0.0 776.49 0.15 0.0 0.0 0.0 37.02 0.97 20492.75 22.32 
231 0.74 450.11 0.55 339.05 0.11 0.0 887.57 0.17 0.0 0.0 0.0 42.32 1.11 23424.25 25.52 
232 0.71 431.65 0.53 325.15 0.11 0.0 851.18 0.16 0.0 0.0 0.0 40.58 1.06 22463.69 24.47 
233 0.65 394.56 0.49 297.21 0.1 0.0 778.03 0.15 0.0 0.0 0.0 37.09 0.97 20533.33 22.37 
234 0.7 423.35 0.52 318.89 0.1 0.0 834.8 0.16 0.0 0.0 0.0 39.8 1.04 22031.54 24.0 
235 0.86 519.78 0.64 391.53 0.13 0.0 1024.95 0.19 0.0 0.0 0.0 48.86 1.28 27049.85 29.47 
236 0.69 415.92 0.51 313.3 0.1 0.0 820.16 0.15 0.0 0.0 0.0 39.1 1.03 21645.14 23.58 
237 0.69 417.85 0.51 314.75 0.1 0.0 823.96 0.15 0.0 0.0 0.0 39.28 1.03 21745.44 23.69 
238 0.64 387.85 0.48 292.15 0.1 0.0 764.8 0.14 0.0 0.0 0.0 36.46 0.96 20184.14 21.99 
239 0.68 411.12 0.51 309.68 0.1 0.0 810.68 0.15 0.0 0.0 0.0 38.65 1.01 21394.95 23.31 
240 0.58 353.39 0.44 266.2 0.09 0.0 696.86 0.13 0.0 0.0 0.0 33.22 0.87 18391.07 20.03 
241 0.66 397.66 0.49 299.54 0.1 0.0 784.14 0.15 0.0 0.0 0.0 37.38 0.98 20694.45 22.54 
242 0.83 505.4 0.62 380.7 0.12 0.0 996.61 0.19 0.0 0.0 0.0 47.51 1.25 26301.83 28.65 
243 0.74 449.0 0.55 338.21 0.11 0.0 885.38 0.17 0.0 0.0 0.0 42.21 1.11 23366.32 25.45 
244 0.71 431.72 0.53 325.2 0.11 0.0 851.31 0.16 0.0 0.0 0.0 40.59 1.06 22467.34 24.48 
245 0.74 450.49 0.56 339.34 0.11 0.0 888.31 0.17 0.0 0.0 0.0 42.35 1.11 23443.82 25.54 
246 0.8 482.04 0.59 363.11 0.12 0.0 950.54 0.18 0.0 0.0 0.0 45.32 1.19 25086.07 27.33 
247 0.71 429.78 0.53 323.74 0.11 0.0 847.49 0.16 0.0 0.0 0.0 40.4 1.06 22366.35 24.37 
248 0.81 489.72 0.6 368.89 0.12 0.0 965.67 0.18 0.0 0.0 0.0 46.04 1.21 25485.37 27.76 
249 0.74 449.1 0.55 338.29 0.11 0.0 885.58 0.17 0.0 0.0 0.0 42.22 1.11 23371.78 25.46 
250 0.68 412.46 0.51 310.69 0.1 0.0 813.32 0.15 0.0 0.0 0.0 38.78 1.02 21464.67 23.38 
251 0.79 475.46 0.59 358.15 0.12 0.0 937.56 0.18 0.0 0.0 0.0 44.7 1.17 24743.45 26.95 
252 0.51 309.99 0.38 233.5 0.08 0.0 611.26 0.11 0.0 0.0 0.0 29.14 0.76 16132.07 17.57 
253 0.63 382.52 0.47 288.14 0.09 0.0 754.29 0.14 0.0 0.0 0.0 35.96 0.94 19906.81 21.69 
254 0.69 416.48 0.51 313.72 0.1 0.0 821.26 0.15 0.0 0.0 0.0 39.15 1.03 21674.26 23.61 
255 0.61 368.7 0.45 277.73 0.09 0.0 727.03 0.14 0.0 0.0 0.0 34.66 0.91 19187.39 20.9 
256 0.66 399.37 0.49 300.83 0.1 0.0 787.52 0.15 0.0 0.0 0.0 37.54 0.98 20783.61 22.64 
257 0.63 379.78 0.47 286.08 0.09 0.0 748.9 0.14 0.0 0.0 0.0 35.7 0.94 19764.41 21.53 
258 0.63 379.15 0.47 285.6 0.09 0.0 747.65 0.14 0.0 0.0 0.0 35.64 0.93 19731.43 21.49 
259 0.85 515.72 0.64 388.48 0.13 0.0 1016.95 0.19 0.0 0.0 0.0 48.48 1.27 26838.82 29.24 
260 0.71 431.16 0.53 324.78 0.11 0.0 850.2 0.16 0.0 0.0 0.0 40.53 1.06 22437.89 24.44 
261 0.67 403.51 0.5 303.95 0.1 0.0 795.68 0.15 0.0 0.0 0.0 37.93 0.99 20999.2 22.88 
262 0.76 459.06 0.57 345.79 0.11 0.0 905.21 0.17 0.0 0.0 0.0 43.16 1.13 23889.83 26.02 
263 0.65 396.07 0.49 298.35 0.1 0.0 781.01 0.15 0.0 0.0 0.0 37.23 0.98 20612.01 22.45 
264 0.73 441.62 0.54 332.66 0.11 0.0 870.83 0.16 0.0 0.0 0.0 41.52 1.09 22982.33 25.04 
265 0.69 419.93 0.52 316.32 0.1 0.0 828.07 0.16 0.0 0.0 0.0 39.48 1.04 21853.78 23.81 
266 0.78 471.69 0.58 355.31 0.12 0.0 930.13 0.17 0.0 0.0 0.0 44.34 1.16 24547.3 26.74 
267 0.57 348.1 0.43 262.21 0.09 0.0 686.41 0.13 0.0 0.0 0.0 32.72 0.86 18115.31 19.73 
268 0.72 436.77 0.54 329.0 0.11 0.0 861.26 0.16 0.0 0.0 0.0 41.06 1.08 22729.77 24.76 
269 0.68 410.66 0.51 309.34 0.1 0.0 809.78 0.15 0.0 0.0 0.0 38.61 1.01 21371.21 23.28 
270 0.59 358.74 0.44 270.23 0.09 0.0 707.41 0.13 0.0 0.0 0.0 33.73 0.88 18669.5 20.34 
271 0.74 448.92 0.55 338.16 0.11 0.0 885.23 0.17 0.0 0.0 0.0 42.2 1.11 23362.53 25.45 
272 0.61 370.31 0.46 278.94 0.09 0.0 730.21 0.14 0.0 0.0 0.0 34.81 0.91 19271.24 20.99 
273 0.78 471.39 0.58 355.08 0.12 0.0 929.54 0.17 0.0 0.0 0.0 44.32 1.16 24531.81 26.72 
274 0.7 426.52 0.53 321.28 0.11 0.0 841.05 0.16 0.0 0.0 0.0 40.1 1.05 22196.4 24.18 
275 0.72 433.92 0.53 326.85 0.11 0.0 855.64 0.16 0.0 0.0 0.0 40.79 1.07 22581.48 24.6 
276 0.68 408.96 0.5 308.06 0.1 0.0 806.44 0.15 0.0 0.0 0.0 38.45 1.01 21282.97 23.19 
277 0.73 442.4 0.55 333.24 0.11 0.0 872.36 0.16 0.0 0.0 0.0 41.59 1.09 23022.84 25.08 
278 0.55 330.01 0.41 248.59 0.08 0.0 650.75 0.12 0.0 0.0 0.0 31.02 0.81 17174.13 18.71 
279 0.68 408.73 0.5 307.88 0.1 0.0 805.98 0.15 0.0 0.0 0.0 38.43 1.01 21270.87 23.17 
280 0.63 380.21 0.47 286.4 0.09 0.0 749.74 0.14 0.0 0.0 0.0 35.74 0.94 19786.67 21.56 
281 0.69 417.17 0.51 314.24 0.1 0.0 822.61 0.15 0.0 0.0 0.0 39.22 1.03 21709.88 23.65 
282 0.67 403.79 0.5 304.16 0.1 0.0 796.23 0.15 0.0 0.0 0.0 37.96 1.0 21013.54 22.89 
283 0.71 430.71 0.53 324.44 0.11 0.0 849.33 0.16 0.0 0.0 0.0 40.49 1.06 22414.89 24.42 
284 0.61 371.72 0.46 280.0 0.09 0.0 732.99 0.14 0.0 0.0 0.0 34.95 0.92 19344.6 21.07 
285 0.79 480.31 0.59 361.8 0.12 0.0 947.13 0.18 0.0 0.0 0.0 45.15 1.18 24996.12 27.23 
286 0.83 499.65 0.62 376.37 0.12 0.0 985.27 0.18 0.0 0.0 0.0 46.97 1.23 26002.6 28.33 
287 0.66 397.25 0.49 299.23 0.1 0.0 783.34 0.15 0.0 0.0 0.0 37.35 0.98 20673.35 22.52 
288 0.67 405.09 0.5 305.14 0.1 0.0 798.8 0.15 0.0 0.0 0.0 38.08 1.0 21081.49 22.97 
289 0.69 417.37 0.51 314.39 0.1 0.0 823.0 0.15 0.0 0.0 0.0 39.24 1.03 21720.22 23.66 
290 0.75 456.98 0.56 344.23 0.11 0.0 901.13 0.17 0.0 0.0 0.0 42.96 1.13 23781.98 25.91 
291 0.8 482.66 0.59 363.57 0.12 0.0 951.75 0.18 0.0 0.0 0.0 45.37 1.19 25118.05 27.36 
292 0.59 356.78 0.44 268.75 0.09 0.0 703.54 0.13 0.0 0.0 0.0 33.54 0.88 18567.28 20.23 
293 0.63 380.75 0.47 286.8 0.09 0.0 750.79 0.14 0.0 0.0 0.0 35.79 0.94 19814.42 21.59 
294 0.6 362.61 0.45 273.14 0.09 0.0 715.03 0.13 0.0 0.0 0.0 34.09 0.89 18870.56 20.56 
295 0.6 360.55 0.44 271.59 0.09 0.0 710.98 0.13 0.0 0.0 0.0 33.9 0.89 18763.67 20.44 
296 0.56 339.19 0.42 255.5 0.08 0.0 668.86 0.13 0.0 0.0 0.0 31.89 0.84 17652.04 19.23 
297 0.69 420.42 0.52 316.69 0.1 0.0 829.02 0.16 0.0 0.0 0.0 39.52 1.04 21879.09 23.83 
298 0.59 358.68 0.44 270.18 0.09 0.0 707.28 0.13 0.0 0.0 0.0 33.72 0.88 18666.01 20.33 
299 0.77 466.69 0.58 351.54 0.12 0.0 920.26 0.17 0.0 0.0 0.0 43.87 1.15 24286.95 26.46 
300 0.73 442.55 0.55 333.36 0.11 0.0 872.67 0.16 0.0 0.0 0.0 41.6 1.09 23030.84 25.09 
301 0.6 363.92 0.45 274.13 0.09 0.0 717.62 0.13 0.0 0.0 0.0 34.21 0.9 18939.06 20.63 
302 0.6 363.9 0.45 274.12 0.09 0.0 717.58 0.13 0.0 0.0 0.0 34.21 0.9 18938.01 20.63 
303 0.63 380.86 0.47 286.89 0.09 0.0 751.01 0.14 0.0 0.0 0.0 35.8 0.94 19820.17 21.59 
304 0.76 462.5 0.57 348.38 0.11 0.0 912.0 0.17 0.0 0.0 0.0 43.48 1.14 24068.86 26.22 
305 0.61 371.23 0.46 279.64 0.09 0.0 732.03 0.14 0.0 0.0 0.0 34.9 0.92 19319.32 21.05 
306 0.57 345.11 0.43 259.96 0.09 0.0 680.52 0.13 0.0 0.0 0.0 32.44 0.85 17959.75 19.56 
307 0.67 403.69 0.5 304.09 0.1 0.0 796.05 0.15 0.0 0.0 0.0 37.95 1.0 21008.75 22.89 
308 0.7 420.85 0.52 317.01 0.1 0.0 829.87 0.16 0.0 0.0 0.0 39.56 1.04 21901.44 23.86 
309 0.63 379.04 0.47 285.51 0.09 0.0 747.42 0.14 0.0 0.0 0.0 35.63 0.93 19725.43 21.49 
310 0.78 471.4 0.58 355.09 0.12 0.0 929.55 0.17 0.0 0.0 0.0 44.32 1.16 24532.22 26.72 
311 0.69 415.46 0.51 312.95 0.1 0.0 819.24 0.15 0.0 0.0 0.0 39.06 1.02 21620.78 23.55 
312 0.7 424.08 0.52 319.44 0.1 0.0 836.24 0.16 0.0 0.0 0.0 39.87 1.05 22069.6 24.04 
313 0.61 370.99 0.46 279.45 0.09 0.0 731.56 0.14 0.0 0.0 0.0 34.88 0.91 19306.81 21.03 
314 0.67 404.09 0.5 304.39 0.1 0.0 796.82 0.15 0.0 0.0 0.0 37.99 1.0 21029.22 22.91 
315 0.66 399.35 0.49 300.82 0.1 0.0 787.48 0.15 0.0 0.0 0.0 37.54 0.98 20782.64 22.64 
316 0.52 313.52 0.39 236.16 0.08 0.0 618.22 0.12 0.0 0.0 0.0 29.47 0.77 16315.69 17.77 
317 0.69 417.37 0.51 314.39 0.1 0.0 823.01 0.15 0.0 0.0 0.0 39.24 1.03 21720.43 23.66 
318 0.55 332.88 0.41 250.75 0.08 0.0 656.42 0.12 0.0 0.0 0.0 31.29 0.82 17323.71 18.87 
319 0.67 404.53 0.5 304.72 0.1 0.0 797.7 0.15 0.0 0.0 0.0 38.03 1.0 21052.32 22.93 
320 0.57 345.9 0.43 260.56 0.09 0.0 682.08 0.13 0.0 0.0 0.0 32.52 0.85 18001.15 19.61 
321 0.81 487.64 0.6 367.32 0.12 0.0 961.57 0.18 0.0 0.0 0.0 45.84 1.2 25377.21 27.65 
322 0.69 418.94 0.52 315.57 0.1 0.0 826.1 0.15 0.0 0.0 0.0 39.38 1.03 21801.94 23.75 
323 0.73 440.65 0.54 331.92 0.11 0.0 868.91 0.16 0.0 0.0 0.0 41.43 1.09 22931.69 24.98 
324 0.73 442.98 0.55 333.68 0.11 0.0 873.52 0.16 0.0 0.0 0.0 41.65 1.09 23053.41 25.11 
325 0.58 351.97 0.43 265.12 0.09 0.0 694.04 0.13 0.0 0.0 0.0 33.09 0.87 18316.69 19.95 
326 0.52 313.13 0.39 235.87 0.08 0.0 617.46 0.12 0.0 0.0 0.0 29.44 0.77 16295.53 17.75 
327 0.65 392.33 0.48 295.53 0.1 0.0 773.63 0.15 0.0 0.0 0.0 36.88 0.97 20417.26 22.24 
328 0.73 442.1 0.54 333.02 0.11 0.0 871.77 0.16 0.0 0.0 0.0 41.56 1.09 23007.26 25.06 
329 0.68 409.39 0.5 308.38 0.1 0.0 807.28 0.15 0.0 0.0 0.0 38.49 1.01 21305.3 23.21 
330 0.72 437.56 0.54 329.6 0.11 0.0 862.83 0.16 0.0 0.0 0.0 41.14 1.08 22771.39 24.81 
