1	0	0	0	0	0	0	0	0	2 0

6	330	330	714	0	0	0	0	

1	1	180	0	0	0	0	0	0	100	1	0	0	0	0
2	1	226	0	0	0	0	0	0	100	1	0	0	0	0
3	1	264	0	0	0	0	0	0	100	1	0	0	0	0
4	1	294	0	0	0	0	0	0	100	1	0	0	0	0
5	1	316	0	0	0	0	0	0	100	1	0	0	0	0
6	1	330	0	0	0	0	0	0	100	1	0	0	0	0

1 0 0 0 0 0 0 0 
2 0 0 0 0 0 0 0 
3 0 0 0 0 0 0 0 
4 0 0 0 0 0 0 0 
5 0 0 0 0 0 0 0 
6 0 0 0 0 0 0 0 
7 0 0 0 0 0 0 0 
8 0 0 0 0 0 0 0 
9 0 0 0 0 0 0 0 
10 0 0 0 0 0 0 0 
11 0 0 0 0 0 0 0 
12 0 0 0 0 0 0 0 
13 0 0 0 0 0 0 0 
14 0 0 0 0 0 0 0 
15 0 0 0 0 0 0 0 
16 0 0 0 0 0 0 0 
17 0 0 0 0 0 0 0 
18 0 0 0 0 0 0 0 
19 0 0 0 0 0 0 0 
20 0 0 0 0 0 0 0 
21 0 0 0 0 0 0 0 
22 0 0 0 0 0 0 0 
23 0 0 0 0 0 0 0 
24 0 0 0 0 0 0 0 
25 0 0 0 0 0 0 0 
26 0 0 0 0 0 0 0 
27 0 0 0 0 0 0 0 
28 0 0 0 0 0 0 0 
29 0 0 0 0 0 0 0 
30 0 0 0 0 0 0 0 
31 0 0 0 0 0 0 0 
32 0 0 0 0 0 0 0 
33 0 0 0 0 0 0 0 
34 0 0 0 0 0 0 0 
35 0 0 0 0 0 0 0 
36 0 0 0 0 0 0 0 
37 0 0 0 0 0 0 0 
38 0 0 0 0 0 0 0 
39 0 0 0 0 0 0 0 
40 0 0 0 0 0 0 0 
41 0 0 0 0 0 0 0 
42 0 0 0 0 0 0 0 
43 0 0 0 0 0 0 0 
44 0 0 0 0 0 0 0 
45 0 0 0 0 0 0 0 
46 0 0 0 0 0 0 0 
47 0 0 0 0 0 0 0 
48 0 0 0 0 0 0 0 
49 0 0 0 0 0 0 0 
50 0 0 0 0 0 0 0 
51 0 0 0 0 0 0 0 
52 0 0 0 0 0 0 0 
53 0 0 0 0 0 0 0 
54 0 0 0 0 0 0 0 
55 0 0 0 0 0 0 0 
56 0 0 0 0 0 0 0 
57 0 0 0 0 0 0 0 
58 0 0 0 0 0 0 0 
59 0 0 0 0 0 0 0 
60 0 0 0 0 0 0 0 
61 0 0 0 0 0 0 0 
62 0 0 0 0 0 0 0 
63 0 0 0 0 0 0 0 
64 0 0 0 0 0 0 0 
65 0 0 0 0 0 0 0 
66 0 0 0 0 0 0 0 
67 0 0 0 0 0 0 0 
68 0 0 0 0 0 0 0 
69 0 0 0 0 0 0 0 
70 0 0 0 0 0 0 0 
71 0 0 0 0 0 0 0 
72 0 0 0 0 0 0 0 
73 0 0 0 0 0 0 0 
74 0 0 0 0 0 0 0 
75 0 0 0 0 0 0 0 
76 0 0 0 0 0 0 0 
77 0 0 0 0 0 0 0 
78 0 0 0 0 0 0 0 
79 0 0 0 0 0 0 0 
80 0 0 0 0 0 0 0 
81 0 0 0 0 0 0 0 
82 0 0 0 0 0 0 0 
83 0 0 0 0 0 0 0 
84 0 0 0 0 0 0 0 
85 0 0 0 0 0 0 0 
86 0 0 0 0 0 0 0 
87 0 0 0 0 0 0 0 
88 0 0 0 0 0 0 0 
89 0 0 0 0 0 0 0 
90 0 0 0 0 0 0 0 
91 0 0 0 0 0 0 0 
92 0 0 0 0 0 0 0 
93 0 0 0 0 0 0 0 
94 0 0 0 0 0 0 0 
95 0 0 0 0 0 0 0 
96 0 0 0 0 0 0 0 
97 0 0 0 0 0 0 0 
98 0 0 0 0 0 0 0 
99 0 0 0 0 0 0 0 
100 0 0 0 0 0 0 0 
101 0 0 0 0 0 0 0 
102 0 0 0 0 0 0 0 
103 0 0 0 0 0 0 0 
104 0 0 0 0 0 0 0 
105 0 0 0 0 0 0 0 
106 0 0 0 0 0 0 0 
107 0 0 0 0 0 0 0 
108 0 0 0 0 0 0 0 
109 0 0 0 0 0 0 0 
110 0 0 0 0 0 0 0 
111 0 0 0 0 0 0 0 
112 0 0 0 0 0 0 0 
113 0 0 0 0 0 0 0 
114 0 0 0 0 0 0 0 
115 0 0 0 0 0 0 0 
116 0 0 0 0 0 0 0 
117 0 0 0 0 0 0 0 
118 0 0 0 0 0 0 0 
119 0 0 0 0 0 0 0 
120 0 0 0 0 0 0 0 
121 0 0 0 0 0 0 0 
122 0 0 0 0 0 0 0 
123 0 0 0 0 0 0 0 
124 0 0 0 0 0 0 0 
125 0 0 0 0 0 0 0 
126 0 0 0 0 0 0 0 
127 0 0 0 0 0 0 0 
128 0 0 0 0 0 0 0 
129 0 0 0 0 0 0 0 
130 0 0 0 0 0 0 0 
131 0 0 0 0 0 0 0 
132 0 0 0 0 0 0 0 
133 0 0 0 0 0 0 0 
134 0 0 0 0 0 0 0 
135 0 0 0 0 0 0 0 
136 0 0 0 0 0 0 0 
137 0 0 0 0 0 0 0 
138 0 0 0 0 0 0 0 
139 0 0 0 0 0 0 0 
140 0 0 0 0 0 0 0 
141 0 0 0 0 0 0 0 
142 0 0 0 0 0 0 0 
143 0 0 0 0 0 0 0 
144 0 0 0 0 0 0 0 
145 0 0 0 0 0 0 0 
146 0 0 0 0 0 0 0 
147 0 0 0 0 0 0 0 
148 0 0 0 0 0 0 0 
149 0 0 0 0 0 0 0 
150 0 0 0 0 0 0 0 
151 0 0 0 0 0 0 0 
152 0 0 0 0 0 0 0 
153 0 0 0 0 0 0 0 
154 0 0 0 0 0 0 0 
155 0 0 0 0 0 0 0 
156 0 0 0 0 0 0 0 
157 0 0 0 0 0 0 0 
158 0 0 0 0 0 0 0 
159 0 0 0 0 0 0 0 
160 0 0 0 0 0 0 0 
161 0 0 0 0 0 0 0 
162 0 0 0 0 0 0 0 
163 0 0 0 0 0 0 0 
164 0 0 0 0 0 0 0 
165 0 0 0 0 0 0 0 
166 0 0 0 0 0 0 0 
167 0 0 0 0 0 0 0 
168 0 0 0 0 0 0 0 
169 0 0 0 0 0 0 0 
170 0 0 0 0 0 0 0 
171 0 0 0 0 0 0 0 
172 0 0 0 0 0 0 0 
173 0 0 0 0 0 0 0 
174 0 0 0 0 0 0 0 
175 0 0 0 0 0 0 0 
176 0 0 0 0 0 0 0 
177 0 0 0 0 0 0 0 
178 0 0 0 0 0 0 0 
179 0 0 0 0 0 0 0 
180 0 0 0 0 0 0 0 
181 2 0 0 0 0 0 1 
182 2 0 0 0 0 0 1 
183 2 0 0 0 0 0 1 
184 2 0 0 0 0 0 1 
185 2 0 0 0 0 0 1 
186 2 0 0 0 0 0 1 
187 2 0 0 0 0 0 1 
188 2 0 0 0 0 0 1 
189 2 0 0 0 0 0 1 
190 2 0 0 0 0 0 1 
191 2 0 0 0 0 0 1 
192 2 0 0 0 0 0 1 
193 2 0 0 0 0 0 1 
194 2 0 0 0 0 0 1 
195 2 0 0 0 0 0 1 
196 2 0 0 0 0 0 1 
197 2 0 0 0 0 0 1 
198 2 0 0 0 0 0 1 
199 2 0 0 0 0 0 1 
200 2 0 0 0 0 0 1 
201 2 0 0 0 0 0 1 
202 2 0 0 0 0 0 1 
203 2 0 0 0 0 0 1 
204 2 0 0 0 0 0 1 
205 2 0 0 0 0 0 1 
206 2 0 0 0 0 0 1 
207 2 0 0 0 0 0 1 
208 2 0 0 0 0 0 1 
209 2 0 0 0 0 0 1 
210 2 0 0 0 0 0 1 
211 2 0 0 0 0 0 1 
212 2 0 0 0 0 0 1 
213 2 0 0 0 0 0 1 
214 2 0 0 0 0 0 1 
215 2 0 0 0 0 0 1 
216 2 0 0 0 0 0 1 
217 2 0 0 0 0 0 1 
218 2 0 0 0 0 0 1 
219 2 0 0 0 0 0 1 
220 2 0 0 0 0 0 1 
221 2 0 0 0 0 0 1 
222 2 0 0 0 0 0 1 
223 2 0 0 0 0 0 1 
224 2 0 0 0 0 0 1 
225 2 0 0 0 0 0 1 
226 2 0 0 0 0 0 1 
227 2 0 0 0 0 0 1 
228 2 0 0 0 0 0 1 
229 2 0 0 0 0 0 1 
230 2 0 0 0 0 0 1 
231 2 0 0 0 0 0 1 
232 2 0 0 0 0 0 1 
233 2 0 0 0 0 0 1 
234 2 0 0 0 0 0 1 
235 2 0 0 0 0 0 1 
236 2 0 0 0 0 0 1 
237 2 0 0 0 0 0 1 
238 2 0 0 0 0 0 1 
239 2 0 0 0 0 0 1 
240 2 0 0 0 0 0 1 
241 2 0 0 0 0 0 1 
242 2 0 0 0 0 0 1 
243 2 0 0 0 0 0 1 
244 2 0 0 0 0 0 1 
245 2 0 0 0 0 0 1 
246 2 0 0 0 0 0 1 
247 2 0 0 0 0 0 1 
248 2 0 0 0 0 0 1 
249 2 0 0 0 0 0 1 
250 2 0 0 0 0 0 1 
251 2 0 0 0 0 0 1 
252 2 0 0 0 0 0 1 
253 2 0 0 0 0 0 1 
254 2 0 0 0 0 0 1 
255 2 0 0 0 0 0 1 
256 2 0 0 0 0 0 1 
257 2 0 0 0 0 0 1 
258 2 0 0 0 0 0 1 
259 2 0 0 0 0 0 1 
260 2 0 0 0 0 0 1 
261 2 0 0 0 0 0 1 
262 2 0 0 0 0 0 1 
263 2 0 0 0 0 0 1 
264 2 0 0 0 0 0 1 
265 2 0 0 0 0 0 1 
266 2 0 0 0 0 0 1 
267 2 0 0 0 0 0 1 
268 2 0 0 0 0 0 1 
269 2 0 0 0 0 0 1 
270 2 0 0 0 0 0 1 
271 2 0 0 0 0 0 1 
272 2 0 0 0 0 0 1 
273 2 0 0 0 0 0 1 
274 2 0 0 0 0 0 1 
275 2 0 0 0 0 0 1 
276 2 0 0 0 0 0 1 
277 2 0 0 0 0 0 1 
278 2 0 0 0 0 0 1 
279 2 0 0 0 0 0 1 
280 2 0 0 0 0 0 1 
281 2 0 0 0 0 0 1 
282 2 0 0 0 0 0 1 
283 2 0 0 0 0 0 1 
284 2 0 0 0 0 0 1 
285 2 0 0 0 0 0 1 
286 2 0 0 0 0 0 1 
287 2 0 0 0 0 0 1 
288 2 0 0 0 0 0 1 
289 2 0 0 0 0 0 1 
290 2 0 0 0 0 0 1 
291 2 0 0 0 0 0 1 
292 2 0 0 0 0 0 1 
293 2 0 0 0 0 0 1 
294 2 0 0 0 0 0 1 
295 2 0 0 0 0 0 1 
296 2 0 0 0 0 0 1 
297 2 0 0 0 0 0 1 
298 2 0 0 0 0 0 1 
299 2 0 0 0 0 0 1 
300 2 0 0 0 0 0 1 
301 2 0 0 0 0 0 1 
302 2 0 0 0 0 0 1 
303 2 0 0 0 0 0 1 
304 2 0 0 0 0 0 1 
305 2 0 0 0 0 0 1 
306 2 0 0 0 0 0 1 
307 2 0 0 0 0 0 1 
308 2 0 0 0 0 0 1 
309 2 0 0 0 0 0 1 
310 2 0 0 0 0 0 1 
311 2 0 0 0 0 0 1 
312 2 0 0 0 0 0 1 
313 2 0 0 0 0 0 1 
314 2 0 0 0 0 0 1 
315 2 0 0 0 0 0 1 
316 2 0 0 0 0 0 1 
317 2 0 0 0 0 0 1 
318 2 0 0 0 0 0 1 
319 2 0 0 0 0 0 1 
320 2 0 0 0 0 0 1 
321 2 0 0 0 0 0 1 
322 2 0 0 0 0 0 1 
323 2 0 0 0 0 0 1 
324 2 0 0 0 0 0 1 
325 2 0 0 0 0 0 1 
326 2 0 0 0 0 0 1 
327 2 0 0 0 0 0 1 
328 2 0 0 0 0 0 1 
329 2 0 0 0 0 0 1 
330 2 0 0 0 0 0 1 
1 0.0 28749726.46 0.0 0.16 0.0 0.0 0.0 0.0 0.0 0.0 0.0 57.5 0.0 0.0 23.96 
2 0.0 29831199.52 0.0 0.17 0.0 0.0 0.0 0.0 0.0 0.0 0.0 59.66 0.0 0.0 24.86 
3 0.0 23591411.71 0.0 0.13 0.0 0.0 0.0 0.0 0.0 0.0 0.0 47.18 0.0 0.0 19.66 
4 0.0 34920812.43 0.0 0.19 0.0 0.0 0.0 0.0 0.0 0.0 0.0 69.84 0.0 0.0 29.1 
5 0.0 24619693.24 0.0 0.14 0.0 0.0 0.0 0.0 0.0 0.0 0.0 49.24 0.0 0.0 20.52 
6 0.0 27474757.9 0.0 0.15 0.0 0.0 0.0 0.0 0.0 0.0 0.0 54.95 0.0 0.0 22.9 
7 0.0 31508644.25 0.0 0.18 0.0 0.0 0.0 0.0 0.0 0.0 0.0 63.02 0.0 0.0 26.26 
8 0.0 26264135.74 0.0 0.15 0.0 0.0 0.0 0.0 0.0 0.0 0.0 52.53 0.0 0.0 21.89 
9 0.0 26826143.34 0.0 0.15 0.0 0.0 0.0 0.0 0.0 0.0 0.0 53.65 0.0 0.0 22.36 
10 0.0 27272977.16 0.0 0.15 0.0 0.0 0.0 0.0 0.0 0.0 0.0 54.55 0.0 0.0 22.73 
11 0.0 31654362.13 0.0 0.18 0.0 0.0 0.0 0.0 0.0 0.0 0.0 63.31 0.0 0.0 26.38 
12 0.0 36876624.04 0.0 0.21 0.0 0.0 0.0 0.0 0.0 0.0 0.0 73.75 0.0 0.0 30.73 
13 0.0 30124618.18 0.0 0.17 0.0 0.0 0.0 0.0 0.0 0.0 0.0 60.25 0.0 0.0 25.1 
14 0.0 26646223.66 0.0 0.15 0.0 0.0 0.0 0.0 0.0 0.0 0.0 53.29 0.0 0.0 22.21 
15 0.0 31617174.96 0.0 0.18 0.0 0.0 0.0 0.0 0.0 0.0 0.0 63.23 0.0 0.0 26.35 
16 0.0 28211520.9 0.0 0.16 0.0 0.0 0.0 0.0 0.0 0.0 0.0 56.42 0.0 0.0 23.51 
17 0.0 29942608.51 0.0 0.17 0.0 0.0 0.0 0.0 0.0 0.0 0.0 59.89 0.0 0.0 24.95 
18 0.0 33525003.66 0.0 0.19 0.0 0.0 0.0 0.0 0.0 0.0 0.0 67.05 0.0 0.0 27.94 
19 0.0 27756387.15 0.0 0.15 0.0 0.0 0.0 0.0 0.0 0.0 0.0 55.51 0.0 0.0 23.13 
20 0.0 30027075.75 0.0 0.17 0.0 0.0 0.0 0.0 0.0 0.0 0.0 60.05 0.0 0.0 25.02 
21 0.0 27365676.32 0.0 0.15 0.0 0.0 0.0 0.0 0.0 0.0 0.0 54.73 0.0 0.0 22.8 
22 0.0 29530697.49 0.0 0.16 0.0 0.0 0.0 0.0 0.0 0.0 0.0 59.06 0.0 0.0 24.61 
23 0.0 30769711.36 0.0 0.17 0.0 0.0 0.0 0.0 0.0 0.0 0.0 61.54 0.0 0.0 25.64 
24 0.0 27033662.85 0.0 0.15 0.0 0.0 0.0 0.0 0.0 0.0 0.0 54.07 0.0 0.0 22.53 
25 0.0 28983534.1 0.0 0.16 0.0 0.0 0.0 0.0 0.0 0.0 0.0 57.97 0.0 0.0 24.15 
26 0.0 29291447.91 0.0 0.16 0.0 0.0 0.0 0.0 0.0 0.0 0.0 58.58 0.0 0.0 24.41 
27 0.0 28087034.96 0.0 0.16 0.0 0.0 0.0 0.0 0.0 0.0 0.0 56.17 0.0 0.0 23.41 
28 0.0 26437163.14 0.0 0.15 0.0 0.0 0.0 0.0 0.0 0.0 0.0 52.87 0.0 0.0 22.03 
29 0.0 25736348.32 0.0 0.14 0.0 0.0 0.0 0.0 0.0 0.0 0.0 51.47 0.0 0.0 21.45 
30 0.0 29539514.41 0.0 0.16 0.0 0.0 0.0 0.0 0.0 0.0 0.0 59.08 0.0 0.0 24.62 
31 0.0 29192829.12 0.0 0.16 0.0 0.0 0.0 0.0 0.0 0.0 0.0 58.39 0.0 0.0 24.33 
32 0.0 36694100.37 0.0 0.2 0.0 0.0 0.0 0.0 0.0 0.0 0.0 73.39 0.0 0.0 30.58 
33 0.0 22695697.27 0.0 0.13 0.0 0.0 0.0 0.0 0.0 0.0 0.0 45.39 0.0 0.0 18.91 
34 0.0 30338179.51 0.0 0.17 0.0 0.0 0.0 0.0 0.0 0.0 0.0 60.68 0.0 0.0 25.28 
35 0.0 31111333.61 0.0 0.17 0.0 0.0 0.0 0.0 0.0 0.0 0.0 62.22 0.0 0.0 25.93 
36 0.0 34078901.59 0.0 0.19 0.0 0.0 0.0 0.0 0.0 0.0 0.0 68.16 0.0 0.0 28.4 
37 0.0 31505571.62 0.0 0.18 0.0 0.0 0.0 0.0 0.0 0.0 0.0 63.01 0.0 0.0 26.25 
38 0.0 27467358.89 0.0 0.15 0.0 0.0 0.0 0.0 0.0 0.0 0.0 54.93 0.0 0.0 22.89 
39 0.0 30000029.28 0.0 0.17 0.0 0.0 0.0 0.0 0.0 0.0 0.0 60.0 0.0 0.0 25.0 
40 0.0 31627057.72 0.0 0.18 0.0 0.0 0.0 0.0 0.0 0.0 0.0 63.25 0.0 0.0 26.36 
41 0.0 29059475.41 0.0 0.16 0.0 0.0 0.0 0.0 0.0 0.0 0.0 58.12 0.0 0.0 24.22 
42 0.0 32313035.21 0.0 0.18 0.0 0.0 0.0 0.0 0.0 0.0 0.0 64.63 0.0 0.0 26.93 
43 0.0 24395728.04 0.0 0.14 0.0 0.0 0.0 0.0 0.0 0.0 0.0 48.79 0.0 0.0 20.33 
44 0.0 35193554.0 0.0 0.2 0.0 0.0 0.0 0.0 0.0 0.0 0.0 70.39 0.0 0.0 29.33 
45 0.0 34403034.03 0.0 0.19 0.0 0.0 0.0 0.0 0.0 0.0 0.0 68.81 0.0 0.0 28.67 
46 0.0 28992967.98 0.0 0.16 0.0 0.0 0.0 0.0 0.0 0.0 0.0 57.99 0.0 0.0 24.16 
47 0.0 31834022.34 0.0 0.18 0.0 0.0 0.0 0.0 0.0 0.0 0.0 63.67 0.0 0.0 26.53 
48 0.0 30143911.78 0.0 0.17 0.0 0.0 0.0 0.0 0.0 0.0 0.0 60.29 0.0 0.0 25.12 
49 0.0 27512594.13 0.0 0.15 0.0 0.0 0.0 0.0 0.0 0.0 0.0 55.03 0.0 0.0 22.93 
50 0.0 30263130.66 0.0 0.17 0.0 0.0 0.0 0.0 0.0 0.0 0.0 60.53 0.0 0.0 25.22 
51 0.0 33001097.66 0.0 0.18 0.0 0.0 0.0 0.0 0.0 0.0 0.0 66.0 0.0 0.0 27.5 
52 0.0 28856722.45 0.0 0.16 0.0 0.0 0.0 0.0 0.0 0.0 0.0 57.71 0.0 0.0 24.05 
53 0.0 28872991.73 0.0 0.16 0.0 0.0 0.0 0.0 0.0 0.0 0.0 57.75 0.0 0.0 24.06 
54 0.0 29776587.71 0.0 0.17 0.0 0.0 0.0 0.0 0.0 0.0 0.0 59.55 0.0 0.0 24.81 
55 0.0 31300488.99 0.0 0.17 0.0 0.0 0.0 0.0 0.0 0.0 0.0 62.6 0.0 0.0 26.08 
56 0.0 33835137.69 0.0 0.19 0.0 0.0 0.0 0.0 0.0 0.0 0.0 67.67 0.0 0.0 28.2 
57 0.0 28095962.08 0.0 0.16 0.0 0.0 0.0 0.0 0.0 0.0 0.0 56.19 0.0 0.0 23.41 
58 0.0 31525188.73 0.0 0.18 0.0 0.0 0.0 0.0 0.0 0.0 0.0 63.05 0.0 0.0 26.27 
59 0.0 30648348.02 0.0 0.17 0.0 0.0 0.0 0.0 0.0 0.0 0.0 61.3 0.0 0.0 25.54 
60 0.0 24424162.84 0.0 0.14 0.0 0.0 0.0 0.0 0.0 0.0 0.0 48.85 0.0 0.0 20.35 
61 0.0 28742050.55 0.0 0.16 0.0 0.0 0.0 0.0 0.0 0.0 0.0 57.48 0.0 0.0 23.95 
62 0.0 29603013.3 0.0 0.16 0.0 0.0 0.0 0.0 0.0 0.0 0.0 59.21 0.0 0.0 24.67 
63 0.0 29881289.28 0.0 0.17 0.0 0.0 0.0 0.0 0.0 0.0 0.0 59.76 0.0 0.0 24.9 
64 0.0 30978010.3 0.0 0.17 0.0 0.0 0.0 0.0 0.0 0.0 0.0 61.96 0.0 0.0 25.82 
65 0.0 23879030.85 0.0 0.13 0.0 0.0 0.0 0.0 0.0 0.0 0.0 47.76 0.0 0.0 19.9 
66 0.0 30138766.57 0.0 0.17 0.0 0.0 0.0 0.0 0.0 0.0 0.0 60.28 0.0 0.0 25.12 
67 0.0 27966973.27 0.0 0.16 0.0 0.0 0.0 0.0 0.0 0.0 0.0 55.93 0.0 0.0 23.31 
68 0.0 25681682.92 0.0 0.14 0.0 0.0 0.0 0.0 0.0 0.0 0.0 51.36 0.0 0.0 21.4 
69 0.0 31572889.29 0.0 0.18 0.0 0.0 0.0 0.0 0.0 0.0 0.0 63.15 0.0 0.0 26.31 
70 0.0 32205838.73 0.0 0.18 0.0 0.0 0.0 0.0 0.0 0.0 0.0 64.41 0.0 0.0 26.84 
71 0.0 28040249.2 0.0 0.16 0.0 0.0 0.0 0.0 0.0 0.0 0.0 56.08 0.0 0.0 23.37 
72 0.0 32527368.84 0.0 0.18 0.0 0.0 0.0 0.0 0.0 0.0 0.0 65.05 0.0 0.0 27.11 
73 0.0 28855450.55 0.0 0.16 0.0 0.0 0.0 0.0 0.0 0.0 0.0 57.71 0.0 0.0 24.05 
74 0.0 30199467.03 0.0 0.17 0.0 0.0 0.0 0.0 0.0 0.0 0.0 60.4 0.0 0.0 25.17 
75 0.0 26703783.16 0.0 0.15 0.0 0.0 0.0 0.0 0.0 0.0 0.0 53.41 0.0 0.0 22.25 
76 0.0 34753461.17 0.0 0.19 0.0 0.0 0.0 0.0 0.0 0.0 0.0 69.51 0.0 0.0 28.96 
77 0.0 22021651.63 0.0 0.12 0.0 0.0 0.0 0.0 0.0 0.0 0.0 44.04 0.0 0.0 18.35 
78 0.0 29725642.13 0.0 0.17 0.0 0.0 0.0 0.0 0.0 0.0 0.0 59.45 0.0 0.0 24.77 
79 0.0 32085358.82 0.0 0.18 0.0 0.0 0.0 0.0 0.0 0.0 0.0 64.17 0.0 0.0 26.74 
80 0.0 23899600.36 0.0 0.13 0.0 0.0 0.0 0.0 0.0 0.0 0.0 47.8 0.0 0.0 19.92 
81 0.0 29431592.21 0.0 0.16 0.0 0.0 0.0 0.0 0.0 0.0 0.0 58.86 0.0 0.0 24.53 
82 0.0 29768344.0 0.0 0.17 0.0 0.0 0.0 0.0 0.0 0.0 0.0 59.54 0.0 0.0 24.81 
83 0.0 32474109.02 0.0 0.18 0.0 0.0 0.0 0.0 0.0 0.0 0.0 64.95 0.0 0.0 27.06 
84 0.0 33744638.76 0.0 0.19 0.0 0.0 0.0 0.0 0.0 0.0 0.0 67.49 0.0 0.0 28.12 
85 0.0 28788323.19 0.0 0.16 0.0 0.0 0.0 0.0 0.0 0.0 0.0 57.58 0.0 0.0 23.99 
86 0.0 25846444.0 0.0 0.14 0.0 0.0 0.0 0.0 0.0 0.0 0.0 51.69 0.0 0.0 21.54 
87 0.0 34101706.27 0.0 0.19 0.0 0.0 0.0 0.0 0.0 0.0 0.0 68.2 0.0 0.0 28.42 
88 0.0 33653656.9 0.0 0.19 0.0 0.0 0.0 0.0 0.0 0.0 0.0 67.31 0.0 0.0 28.04 
89 0.0 28613983.96 0.0 0.16 0.0 0.0 0.0 0.0 0.0 0.0 0.0 57.23 0.0 0.0 23.84 
90 0.0 31052665.48 0.0 0.17 0.0 0.0 0.0 0.0 0.0 0.0 0.0 62.11 0.0 0.0 25.88 
91 0.0 31145598.7 0.0 0.17 0.0 0.0 0.0 0.0 0.0 0.0 0.0 62.29 0.0 0.0 25.95 
92 0.0 31698826.32 0.0 0.18 0.0 0.0 0.0 0.0 0.0 0.0 0.0 63.4 0.0 0.0 26.42 
93 0.0 30612623.94 0.0 0.17 0.0 0.0 0.0 0.0 0.0 0.0 0.0 61.23 0.0 0.0 25.51 
94 0.0 34220088.72 0.0 0.19 0.0 0.0 0.0 0.0 0.0 0.0 0.0 68.44 0.0 0.0 28.52 
95 0.0 24786121.49 0.0 0.14 0.0 0.0 0.0 0.0 0.0 0.0 0.0 49.57 0.0 0.0 20.66 
96 0.0 33122471.86 0.0 0.18 0.0 0.0 0.0 0.0 0.0 0.0 0.0 66.24 0.0 0.0 27.6 
97 0.0 31141415.91 0.0 0.17 0.0 0.0 0.0 0.0 0.0 0.0 0.0 62.28 0.0 0.0 25.95 
98 0.0 29348594.19 0.0 0.16 0.0 0.0 0.0 0.0 0.0 0.0 0.0 58.7 0.0 0.0 24.46 
99 0.0 33520594.5 0.0 0.19 0.0 0.0 0.0 0.0 0.0 0.0 0.0 67.04 0.0 0.0 27.93 
100 0.0 22969190.43 0.0 0.13 0.0 0.0 0.0 0.0 0.0 0.0 0.0 45.94 0.0 0.0 19.14 
101 0.0 33484564.47 0.0 0.19 0.0 0.0 0.0 0.0 0.0 0.0 0.0 66.97 0.0 0.0 27.9 
102 0.0 31158234.14 0.0 0.17 0.0 0.0 0.0 0.0 0.0 0.0 0.0 62.32 0.0 0.0 25.97 
103 0.0 26600600.18 0.0 0.15 0.0 0.0 0.0 0.0 0.0 0.0 0.0 53.2 0.0 0.0 22.17 
104 0.0 31299277.66 0.0 0.17 0.0 0.0 0.0 0.0 0.0 0.0 0.0 62.6 0.0 0.0 26.08 
105 0.0 29087740.68 0.0 0.16 0.0 0.0 0.0 0.0 0.0 0.0 0.0 58.18 0.0 0.0 24.24 
106 0.0 37755884.6 0.0 0.21 0.0 0.0 0.0 0.0 0.0 0.0 0.0 75.51 0.0 0.0 31.46 
107 0.0 35505998.17 0.0 0.2 0.0 0.0 0.0 0.0 0.0 0.0 0.0 71.01 0.0 0.0 29.59 
108 0.0 31322069.62 0.0 0.17 0.0 0.0 0.0 0.0 0.0 0.0 0.0 62.64 0.0 0.0 26.1 
109 0.0 27842238.48 0.0 0.15 0.0 0.0 0.0 0.0 0.0 0.0 0.0 55.68 0.0 0.0 23.2 
110 0.0 28249756.22 0.0 0.16 0.0 0.0 0.0 0.0 0.0 0.0 0.0 56.5 0.0 0.0 23.54 
111 0.0 29024851.11 0.0 0.16 0.0 0.0 0.0 0.0 0.0 0.0 0.0 58.05 0.0 0.0 24.19 
112 0.0 28319296.48 0.0 0.16 0.0 0.0 0.0 0.0 0.0 0.0 0.0 56.64 0.0 0.0 23.6 
113 0.0 27293261.8 0.0 0.15 0.0 0.0 0.0 0.0 0.0 0.0 0.0 54.59 0.0 0.0 22.74 
114 0.0 28227083.17 0.0 0.16 0.0 0.0 0.0 0.0 0.0 0.0 0.0 56.45 0.0 0.0 23.52 
115 0.0 29171461.52 0.0 0.16 0.0 0.0 0.0 0.0 0.0 0.0 0.0 58.34 0.0 0.0 24.31 
116 0.0 28449348.32 0.0 0.16 0.0 0.0 0.0 0.0 0.0 0.0 0.0 56.9 0.0 0.0 23.71 
117 0.0 27904230.15 0.0 0.16 0.0 0.0 0.0 0.0 0.0 0.0 0.0 55.81 0.0 0.0 23.25 
118 0.0 27213324.23 0.0 0.15 0.0 0.0 0.0 0.0 0.0 0.0 0.0 54.43 0.0 0.0 22.68 
119 0.0 37651314.71 0.0 0.21 0.0 0.0 0.0 0.0 0.0 0.0 0.0 75.3 0.0 0.0 31.38 
120 0.0 25580480.26 0.0 0.14 0.0 0.0 0.0 0.0 0.0 0.0 0.0 51.16 0.0 0.0 21.32 
121 0.0 26935755.81 0.0 0.15 0.0 0.0 0.0 0.0 0.0 0.0 0.0 53.87 0.0 0.0 22.45 
122 0.0 31297187.1 0.0 0.17 0.0 0.0 0.0 0.0 0.0 0.0 0.0 62.59 0.0 0.0 26.08 
123 0.0 29029259.79 0.0 0.16 0.0 0.0 0.0 0.0 0.0 0.0 0.0 58.06 0.0 0.0 24.19 
124 0.0 31271474.12 0.0 0.17 0.0 0.0 0.0 0.0 0.0 0.0 0.0 62.54 0.0 0.0 26.06 
125 0.0 32397539.99 0.0 0.18 0.0 0.0 0.0 0.0 0.0 0.0 0.0 64.8 0.0 0.0 27.0 
126 0.0 33787840.99 0.0 0.19 0.0 0.0 0.0 0.0 0.0 0.0 0.0 67.58 0.0 0.0 28.16 
127 0.0 32255894.55 0.0 0.18 0.0 0.0 0.0 0.0 0.0 0.0 0.0 64.51 0.0 0.0 26.88 
128 0.0 27018717.05 0.0 0.15 0.0 0.0 0.0 0.0 0.0 0.0 0.0 54.04 0.0 0.0 22.52 
129 0.0 33327429.84 0.0 0.19 0.0 0.0 0.0 0.0 0.0 0.0 0.0 66.65 0.0 0.0 27.77 
130 0.0 24705246.82 0.0 0.14 0.0 0.0 0.0 0.0 0.0 0.0 0.0 49.41 0.0 0.0 20.59 
131 0.0 29656736.11 0.0 0.17 0.0 0.0 0.0 0.0 0.0 0.0 0.0 59.31 0.0 0.0 24.71 
132 0.0 28505477.42 0.0 0.16 0.0 0.0 0.0 0.0 0.0 0.0 0.0 57.01 0.0 0.0 23.75 
133 0.0 26817602.89 0.0 0.15 0.0 0.0 0.0 0.0 0.0 0.0 0.0 53.64 0.0 0.0 22.35 
134 0.0 31774999.56 0.0 0.18 0.0 0.0 0.0 0.0 0.0 0.0 0.0 63.55 0.0 0.0 26.48 
135 0.0 29450230.28 0.0 0.16 0.0 0.0 0.0 0.0 0.0 0.0 0.0 58.9 0.0 0.0 24.54 
136 0.0 33059564.19 0.0 0.18 0.0 0.0 0.0 0.0 0.0 0.0 0.0 66.12 0.0 0.0 27.55 
137 0.0 25552603.57 0.0 0.14 0.0 0.0 0.0 0.0 0.0 0.0 0.0 51.11 0.0 0.0 21.29 
138 0.0 32538935.68 0.0 0.18 0.0 0.0 0.0 0.0 0.0 0.0 0.0 65.08 0.0 0.0 27.12 
139 0.0 31493820.45 0.0 0.18 0.0 0.0 0.0 0.0 0.0 0.0 0.0 62.99 0.0 0.0 26.24 
140 0.0 30379512.53 0.0 0.17 0.0 0.0 0.0 0.0 0.0 0.0 0.0 60.76 0.0 0.0 25.32 
141 0.0 25743568.35 0.0 0.14 0.0 0.0 0.0 0.0 0.0 0.0 0.0 51.49 0.0 0.0 21.45 
142 0.0 29244677.64 0.0 0.16 0.0 0.0 0.0 0.0 0.0 0.0 0.0 58.49 0.0 0.0 24.37 
143 0.0 25359976.17 0.0 0.14 0.0 0.0 0.0 0.0 0.0 0.0 0.0 50.72 0.0 0.0 21.13 
144 0.0 23752044.19 0.0 0.13 0.0 0.0 0.0 0.0 0.0 0.0 0.0 47.5 0.0 0.0 19.79 
145 0.0 39839236.2 0.0 0.22 0.0 0.0 0.0 0.0 0.0 0.0 0.0 79.68 0.0 0.0 33.2 
146 0.0 32912583.96 0.0 0.18 0.0 0.0 0.0 0.0 0.0 0.0 0.0 65.83 0.0 0.0 27.43 
147 0.0 35377778.56 0.0 0.2 0.0 0.0 0.0 0.0 0.0 0.0 0.0 70.76 0.0 0.0 29.48 
148 0.0 28712960.04 0.0 0.16 0.0 0.0 0.0 0.0 0.0 0.0 0.0 57.43 0.0 0.0 23.93 
149 0.0 32088593.94 0.0 0.18 0.0 0.0 0.0 0.0 0.0 0.0 0.0 64.18 0.0 0.0 26.74 
150 0.0 32092248.82 0.0 0.18 0.0 0.0 0.0 0.0 0.0 0.0 0.0 64.18 0.0 0.0 26.74 
151 0.0 31804547.44 0.0 0.18 0.0 0.0 0.0 0.0 0.0 0.0 0.0 63.61 0.0 0.0 26.5 
152 0.0 30010978.47 0.0 0.17 0.0 0.0 0.0 0.0 0.0 0.0 0.0 60.02 0.0 0.0 25.01 
153 0.0 29315257.33 0.0 0.16 0.0 0.0 0.0 0.0 0.0 0.0 0.0 58.63 0.0 0.0 24.43 
154 0.0 23791163.21 0.0 0.13 0.0 0.0 0.0 0.0 0.0 0.0 0.0 47.58 0.0 0.0 19.83 
155 0.0 31830432.26 0.0 0.18 0.0 0.0 0.0 0.0 0.0 0.0 0.0 63.66 0.0 0.0 26.53 
156 0.0 31270490.7 0.0 0.17 0.0 0.0 0.0 0.0 0.0 0.0 0.0 62.54 0.0 0.0 26.06 
157 0.0 33353660.2 0.0 0.19 0.0 0.0 0.0 0.0 0.0 0.0 0.0 66.71 0.0 0.0 27.79 
158 0.0 29177273.73 0.0 0.16 0.0 0.0 0.0 0.0 0.0 0.0 0.0 58.35 0.0 0.0 24.31 
159 0.0 35225436.57 0.0 0.2 0.0 0.0 0.0 0.0 0.0 0.0 0.0 70.45 0.0 0.0 29.35 
160 0.0 28657497.37 0.0 0.16 0.0 0.0 0.0 0.0 0.0 0.0 0.0 57.31 0.0 0.0 23.88 
161 0.0 26233718.34 0.0 0.15 0.0 0.0 0.0 0.0 0.0 0.0 0.0 52.47 0.0 0.0 21.86 
162 0.0 32814491.01 0.0 0.18 0.0 0.0 0.0 0.0 0.0 0.0 0.0 65.63 0.0 0.0 27.35 
163 0.0 28594961.22 0.0 0.16 0.0 0.0 0.0 0.0 0.0 0.0 0.0 57.19 0.0 0.0 23.83 
164 0.0 26235839.08 0.0 0.15 0.0 0.0 0.0 0.0 0.0 0.0 0.0 52.47 0.0 0.0 21.86 
165 0.0 30374470.94 0.0 0.17 0.0 0.0 0.0 0.0 0.0 0.0 0.0 60.75 0.0 0.0 25.31 
166 0.0 32269506.43 0.0 0.18 0.0 0.0 0.0 0.0 0.0 0.0 0.0 64.54 0.0 0.0 26.89 
167 0.0 30724318.89 0.0 0.17 0.0 0.0 0.0 0.0 0.0 0.0 0.0 61.45 0.0 0.0 25.6 
168 0.0 31492276.95 0.0 0.18 0.0 0.0 0.0 0.0 0.0 0.0 0.0 62.98 0.0 0.0 26.24 
169 0.0 42326077.87 0.0 0.24 0.0 0.0 0.0 0.0 0.0 0.0 0.0 84.65 0.0 0.0 35.27 
170 0.0 32463362.63 0.0 0.18 0.0 0.0 0.0 0.0 0.0 0.0 0.0 64.93 0.0 0.0 27.05 
171 0.0 34595280.95 0.0 0.19 0.0 0.0 0.0 0.0 0.0 0.0 0.0 69.19 0.0 0.0 28.83 
172 0.0 24042462.68 0.0 0.13 0.0 0.0 0.0 0.0 0.0 0.0 0.0 48.08 0.0 0.0 20.04 
173 0.0 31095160.55 0.0 0.17 0.0 0.0 0.0 0.0 0.0 0.0 0.0 62.19 0.0 0.0 25.91 
174 0.0 32322246.1 0.0 0.18 0.0 0.0 0.0 0.0 0.0 0.0 0.0 64.64 0.0 0.0 26.94 
175 0.0 28906562.73 0.0 0.16 0.0 0.0 0.0 0.0 0.0 0.0 0.0 57.81 0.0 0.0 24.09 
176 0.0 27372061.57 0.0 0.15 0.0 0.0 0.0 0.0 0.0 0.0 0.0 54.74 0.0 0.0 22.81 
177 0.0 31189560.48 0.0 0.17 0.0 0.0 0.0 0.0 0.0 0.0 0.0 62.38 0.0 0.0 25.99 
178 0.0 29056147.69 0.0 0.16 0.0 0.0 0.0 0.0 0.0 0.0 0.0 58.11 0.0 0.0 24.21 
179 0.0 28218733.25 0.0 0.16 0.0 0.0 0.0 0.0 0.0 0.0 0.0 56.44 0.0 0.0 23.52 
180 0.0 33448501.7 0.0 0.19 0.0 0.0 0.0 0.0 0.0 0.0 0.0 66.9 0.0 0.0 27.87 
181 0.76 459.88 0.57 346.41 0.11 0.0 906.85 0.17 0.0 0.0 0.0 43.23 1.13 23932.89 26.07 
182 0.69 417.98 0.52 314.85 0.1 0.0 824.21 0.15 0.0 0.0 0.0 39.29 1.03 21752.04 23.7 
183 0.64 387.27 0.48 291.72 0.1 0.0 763.66 0.14 0.0 0.0 0.0 36.41 0.95 20154.08 21.96 
184 0.7 426.57 0.53 321.32 0.11 0.0 841.15 0.16 0.0 0.0 0.0 40.1 1.05 22199.1 24.18 
185 0.73 439.35 0.54 330.95 0.11 0.0 866.36 0.16 0.0 0.0 0.0 41.3 1.08 22864.34 24.91 
186 0.71 431.28 0.53 324.87 0.11 0.0 850.45 0.16 0.0 0.0 0.0 40.55 1.06 22444.54 24.45 
187 0.57 346.74 0.43 261.19 0.09 0.0 683.73 0.13 0.0 0.0 0.0 32.6 0.85 18044.6 19.66 
188 0.65 391.99 0.48 295.27 0.1 0.0 772.96 0.14 0.0 0.0 0.0 36.85 0.97 20399.44 22.22 
189 0.69 420.27 0.52 316.58 0.1 0.0 828.73 0.16 0.0 0.0 0.0 39.51 1.04 21871.34 23.83 
190 0.71 430.94 0.53 324.62 0.11 0.0 849.78 0.16 0.0 0.0 0.0 40.51 1.06 22426.8 24.43 
191 0.73 444.68 0.55 334.96 0.11 0.0 876.86 0.16 0.0 0.0 0.0 41.8 1.1 23141.61 25.21 
192 0.72 436.47 0.54 328.78 0.11 0.0 860.67 0.16 0.0 0.0 0.0 41.03 1.08 22714.25 24.74 
193 0.59 359.68 0.44 270.94 0.09 0.0 709.25 0.13 0.0 0.0 0.0 33.81 0.89 18718.2 20.39 
194 0.62 377.0 0.46 283.98 0.09 0.0 743.41 0.14 0.0 0.0 0.0 35.44 0.93 19619.52 21.37 
195 0.59 356.15 0.44 268.27 0.09 0.0 702.29 0.13 0.0 0.0 0.0 33.48 0.88 18534.28 20.19 
196 0.79 478.91 0.59 360.74 0.12 0.0 944.36 0.18 0.0 0.0 0.0 45.02 1.18 24922.91 27.15 
197 0.68 413.02 0.51 311.11 0.1 0.0 814.43 0.15 0.0 0.0 0.0 38.83 1.02 21494.0 23.41 
198 0.71 428.14 0.53 322.5 0.11 0.0 844.25 0.16 0.0 0.0 0.0 40.25 1.06 22281.0 24.27 
199 0.74 447.61 0.55 337.17 0.11 0.0 882.64 0.17 0.0 0.0 0.0 42.08 1.1 23294.14 25.38 
200 0.65 392.35 0.48 295.55 0.1 0.0 773.68 0.15 0.0 0.0 0.0 36.89 0.97 20418.47 22.24 
201 0.59 359.0 0.44 270.43 0.09 0.0 707.92 0.13 0.0 0.0 0.0 33.75 0.88 18682.98 20.35 
202 0.64 388.4 0.48 292.57 0.1 0.0 765.88 0.14 0.0 0.0 0.0 36.51 0.96 20212.58 22.02 
203 0.66 399.69 0.49 301.07 0.1 0.0 788.15 0.15 0.0 0.0 0.0 37.57 0.99 20800.32 22.66 
204 0.77 466.61 0.58 351.48 0.12 0.0 920.11 0.17 0.0 0.0 0.0 43.87 1.15 24283.1 26.45 
205 0.73 440.98 0.54 332.17 0.11 0.0 869.57 0.16 0.0 0.0 0.0 41.46 1.09 22949.09 25.0 
206 0.6 361.6 0.45 272.38 0.09 0.0 713.03 0.13 0.0 0.0 0.0 33.99 0.89 18817.91 20.5 
207 0.71 432.65 0.53 325.9 0.11 0.0 853.14 0.16 0.0 0.0 0.0 40.67 1.07 22515.48 24.53 
208 0.72 435.51 0.54 328.06 0.11 0.0 858.79 0.16 0.0 0.0 0.0 40.94 1.07 22664.67 24.69 
209 0.6 362.64 0.45 273.16 0.09 0.0 715.09 0.13 0.0 0.0 0.0 34.09 0.89 18872.23 20.56 
210 0.66 401.3 0.49 302.28 0.1 0.0 791.32 0.15 0.0 0.0 0.0 37.73 0.99 20883.99 22.75 
211 0.55 330.63 0.41 249.05 0.08 0.0 651.97 0.12 0.0 0.0 0.0 31.08 0.81 17206.32 18.74 
212 0.69 419.11 0.52 315.7 0.1 0.0 826.44 0.15 0.0 0.0 0.0 39.4 1.03 21810.86 23.76 
213 0.65 392.89 0.48 295.95 0.1 0.0 774.74 0.15 0.0 0.0 0.0 36.94 0.97 20446.57 22.27 
214 0.58 350.93 0.43 264.34 0.09 0.0 692.0 0.13 0.0 0.0 0.0 32.99 0.86 18262.83 19.89 
215 0.62 377.38 0.47 284.26 0.09 0.0 744.15 0.14 0.0 0.0 0.0 35.48 0.93 19639.04 21.39 
216 0.69 415.43 0.51 312.93 0.1 0.0 819.2 0.15 0.0 0.0 0.0 39.06 1.02 21619.71 23.55 
217 0.63 383.27 0.47 288.7 0.09 0.0 755.76 0.14 0.0 0.0 0.0 36.03 0.94 19945.65 21.73 
218 0.69 417.85 0.51 314.75 0.1 0.0 823.96 0.15 0.0 0.0 0.0 39.28 1.03 21745.49 23.69 
219 0.71 428.12 0.53 322.49 0.11 0.0 844.21 0.16 0.0 0.0 0.0 40.25 1.06 22279.94 24.27 
220 0.61 371.6 0.46 279.92 0.09 0.0 732.76 0.14 0.0 0.0 0.0 34.93 0.92 19338.66 21.07 
221 0.65 393.03 0.48 296.06 0.1 0.0 775.02 0.15 0.0 0.0 0.0 36.95 0.97 20453.8 22.28 
222 0.81 492.71 0.61 371.14 0.12 0.0 971.57 0.18 0.0 0.0 0.0 46.32 1.21 25641.18 27.93 
223 0.68 410.61 0.51 309.3 0.1 0.0 809.69 0.15 0.0 0.0 0.0 38.6 1.01 21368.79 23.28 
224 0.61 371.34 0.46 279.72 0.09 0.0 732.25 0.14 0.0 0.0 0.0 34.91 0.92 19325.18 21.05 
225 0.67 408.15 0.5 307.45 0.1 0.0 804.84 0.15 0.0 0.0 0.0 38.37 1.01 21240.75 23.14 
226 0.58 351.39 0.43 264.69 0.09 0.0 692.91 0.13 0.0 0.0 0.0 33.03 0.87 18286.92 19.92 
227 0.75 451.66 0.56 340.22 0.11 0.0 890.62 0.17 0.0 0.0 0.0 42.46 1.11 23504.68 25.61 
228 0.69 420.72 0.52 316.92 0.1 0.0 829.62 0.16 0.0 0.0 0.0 39.55 1.04 21894.93 23.85 
229 0.74 449.75 0.55 338.78 0.11 0.0 886.86 0.17 0.0 0.0 0.0 42.28 1.11 23405.57 25.5 
230 0.73 442.3 0.55 333.17 0.11 0.0 872.17 0.16 0.0 0.0 0.0 41.58 1.09 23017.88 25.08 
231 0.7 421.53 0.52 317.53 0.1 0.0 831.22 0.16 0.0 0.0 0.0 39.63 1.04 21937.14 23.9 
232 0.74 445.28 0.55 335.41 0.11 0.0 878.04 0.16 0.0 0.0 0.0 41.86 1.1 23172.7 25.24 
233 0.68 413.47 0.51 311.45 0.1 0.0 815.33 0.15 0.0 0.0 0.0 38.87 1.02 21517.57 23.44 
234 0.63 378.83 0.47 285.36 0.09 0.0 747.02 0.14 0.0 0.0 0.0 35.61 0.93 19714.97 21.48 
235 0.6 364.18 0.45 274.32 0.09 0.0 718.12 0.13 0.0 0.0 0.0 34.24 0.9 18952.14 20.65 
236 0.64 387.52 0.48 291.9 0.1 0.0 764.15 0.14 0.0 0.0 0.0 36.43 0.96 20166.86 21.97 
237 0.5 304.05 0.37 229.03 0.07 0.0 599.56 0.11 0.0 0.0 0.0 28.58 0.75 15823.3 17.24 
238 0.79 479.78 0.59 361.4 0.12 0.0 946.08 0.18 0.0 0.0 0.0 45.1 1.18 24968.34 27.2 
239 0.56 336.16 0.41 253.22 0.08 0.0 662.87 0.12 0.0 0.0 0.0 31.6 0.83 17494.17 19.06 
240 0.66 402.59 0.5 303.26 0.1 0.0 793.87 0.15 0.0 0.0 0.0 37.85 0.99 20951.29 22.82 
241 0.58 352.25 0.43 265.34 0.09 0.0 694.59 0.13 0.0 0.0 0.0 33.11 0.87 18331.31 19.97 
242 0.53 323.52 0.4 243.7 0.08 0.0 637.95 0.12 0.0 0.0 0.0 30.41 0.8 16836.44 18.34 
243 0.66 402.36 0.5 303.09 0.1 0.0 793.42 0.15 0.0 0.0 0.0 37.83 0.99 20939.45 22.81 
244 0.65 393.34 0.48 296.29 0.1 0.0 775.63 0.15 0.0 0.0 0.0 36.98 0.97 20469.85 22.3 
245 0.66 399.22 0.49 300.72 0.1 0.0 787.22 0.15 0.0 0.0 0.0 37.53 0.98 20775.87 22.63 
246 0.71 427.97 0.53 322.38 0.11 0.0 843.92 0.16 0.0 0.0 0.0 40.23 1.05 22272.1 24.26 
247 0.63 380.61 0.47 286.7 0.09 0.0 750.53 0.14 0.0 0.0 0.0 35.78 0.94 19807.52 21.58 
248 0.7 421.07 0.52 317.18 0.1 0.0 830.3 0.16 0.0 0.0 0.0 39.58 1.04 21912.85 23.87 
249 0.7 426.52 0.53 321.28 0.11 0.0 841.06 0.16 0.0 0.0 0.0 40.1 1.05 22196.73 24.18 
250 0.65 392.12 0.48 295.37 0.1 0.0 773.21 0.14 0.0 0.0 0.0 36.86 0.97 20406.14 22.23 
251 0.65 394.2 0.49 296.94 0.1 0.0 777.32 0.15 0.0 0.0 0.0 37.06 0.97 20514.5 22.35 
252 0.71 427.54 0.53 322.05 0.11 0.0 843.07 0.16 0.0 0.0 0.0 40.19 1.05 22249.88 24.24 
253 0.67 408.02 0.5 307.35 0.1 0.0 804.58 0.15 0.0 0.0 0.0 38.36 1.01 21233.97 23.13 
254 0.68 412.15 0.51 310.46 0.1 0.0 812.73 0.15 0.0 0.0 0.0 38.75 1.02 21448.99 23.37 
255 0.51 309.37 0.38 233.04 0.08 0.0 610.05 0.11 0.0 0.0 0.0 29.08 0.76 16100.0 17.54 
256 0.67 408.07 0.5 307.39 0.1 0.0 804.68 0.15 0.0 0.0 0.0 38.36 1.01 21236.65 23.13 
257 0.7 420.98 0.52 317.11 0.1 0.0 830.12 0.16 0.0 0.0 0.0 39.58 1.04 21908.11 23.87 
258 0.66 400.2 0.49 301.46 0.1 0.0 789.16 0.15 0.0 0.0 0.0 37.62 0.99 20827.06 22.69 
259 0.69 419.33 0.52 315.87 0.1 0.0 826.87 0.16 0.0 0.0 0.0 39.42 1.03 21822.31 23.77 
260 0.8 482.96 0.6 363.8 0.12 0.0 952.35 0.18 0.0 0.0 0.0 45.4 1.19 25133.83 27.38 
261 0.68 409.16 0.5 308.21 0.1 0.0 806.83 0.15 0.0 0.0 0.0 38.47 1.01 21293.33 23.2 
262 0.71 432.69 0.53 325.93 0.11 0.0 853.23 0.16 0.0 0.0 0.0 40.68 1.07 22517.83 24.53 
263 0.61 371.22 0.46 279.62 0.09 0.0 732.0 0.14 0.0 0.0 0.0 34.9 0.92 19318.5 21.05 
264 0.61 371.12 0.46 279.55 0.09 0.0 731.81 0.14 0.0 0.0 0.0 34.89 0.91 19313.54 21.04 
265 0.64 386.23 0.48 290.93 0.1 0.0 761.6 0.14 0.0 0.0 0.0 36.31 0.95 20099.7 21.9 
266 0.6 364.33 0.45 274.44 0.09 0.0 718.43 0.13 0.0 0.0 0.0 34.25 0.9 18960.3 20.65 
267 0.67 405.39 0.5 305.37 0.1 0.0 799.39 0.15 0.0 0.0 0.0 38.11 1.0 21097.05 22.98 
268 0.61 367.81 0.45 277.06 0.09 0.0 725.29 0.14 0.0 0.0 0.0 34.58 0.91 19141.49 20.85 
269 0.66 398.6 0.49 300.25 0.1 0.0 786.0 0.15 0.0 0.0 0.0 37.47 0.98 20743.63 22.6 
270 0.57 347.4 0.43 261.68 0.09 0.0 685.03 0.13 0.0 0.0 0.0 32.66 0.86 18078.84 19.69 
271 0.56 338.67 0.42 255.11 0.08 0.0 667.82 0.13 0.0 0.0 0.0 31.84 0.83 17624.79 19.2 
272 0.62 378.29 0.47 284.95 0.09 0.0 745.95 0.14 0.0 0.0 0.0 35.56 0.93 19686.57 21.45 
273 0.6 362.41 0.45 272.99 0.09 0.0 714.63 0.13 0.0 0.0 0.0 34.07 0.89 18860.19 20.55 
274 0.63 379.21 0.47 285.65 0.09 0.0 747.77 0.14 0.0 0.0 0.0 35.65 0.93 19734.56 21.5 
275 0.63 380.87 0.47 286.89 0.09 0.0 751.03 0.14 0.0 0.0 0.0 35.81 0.94 19820.78 21.59 
276 0.65 391.45 0.48 294.87 0.1 0.0 771.9 0.14 0.0 0.0 0.0 36.8 0.96 20371.48 22.19 
277 0.74 448.12 0.55 337.55 0.11 0.0 883.64 0.17 0.0 0.0 0.0 42.13 1.1 23320.43 25.4 
278 0.76 461.24 0.57 347.44 0.11 0.0 909.52 0.17 0.0 0.0 0.0 43.36 1.14 24003.52 26.15 
279 0.72 435.13 0.54 327.77 0.11 0.0 858.03 0.16 0.0 0.0 0.0 40.91 1.07 22644.55 24.67 
280 0.65 391.12 0.48 294.61 0.1 0.0 771.24 0.14 0.0 0.0 0.0 36.77 0.96 20354.14 22.17 
281 0.77 466.43 0.57 351.35 0.11 0.0 919.76 0.17 0.0 0.0 0.0 43.85 1.15 24273.63 26.44 
282 0.57 343.58 0.42 258.81 0.08 0.0 677.51 0.13 0.0 0.0 0.0 32.3 0.85 17880.45 19.48 
283 0.53 323.61 0.4 243.77 0.08 0.0 638.13 0.12 0.0 0.0 0.0 30.42 0.8 16841.15 18.35 
284 0.69 416.57 0.51 313.79 0.1 0.0 821.44 0.15 0.0 0.0 0.0 39.16 1.03 21678.87 23.62 
285 0.67 405.61 0.5 305.53 0.1 0.0 799.82 0.15 0.0 0.0 0.0 38.13 1.0 21108.44 22.99 
286 0.66 400.05 0.49 301.34 0.1 0.0 788.86 0.15 0.0 0.0 0.0 37.61 0.99 20819.01 22.68 
287 0.67 407.02 0.5 306.6 0.1 0.0 802.61 0.15 0.0 0.0 0.0 38.26 1.0 21181.86 23.07 
288 0.56 339.14 0.42 255.46 0.08 0.0 668.76 0.13 0.0 0.0 0.0 31.88 0.84 17649.37 19.23 
289 0.59 358.77 0.44 270.25 0.09 0.0 707.46 0.13 0.0 0.0 0.0 33.73 0.88 18670.95 20.34 
290 0.75 455.76 0.56 343.31 0.11 0.0 898.72 0.17 0.0 0.0 0.0 42.85 1.12 23718.53 25.84 
291 0.74 447.41 0.55 337.02 0.11 0.0 882.25 0.17 0.0 0.0 0.0 42.06 1.1 23283.92 25.36 
292 0.62 376.41 0.46 283.54 0.09 0.0 742.25 0.14 0.0 0.0 0.0 35.39 0.93 19588.99 21.34 
293 0.8 484.13 0.6 364.68 0.12 0.0 954.65 0.18 0.0 0.0 0.0 45.51 1.19 25194.59 27.45 
294 0.6 362.26 0.45 272.88 0.09 0.0 714.34 0.13 0.0 0.0 0.0 34.06 0.89 18852.32 20.54 
295 0.63 382.52 0.47 288.14 0.09 0.0 754.29 0.14 0.0 0.0 0.0 35.96 0.94 19906.74 21.69 
296 0.69 417.56 0.51 314.54 0.1 0.0 823.39 0.15 0.0 0.0 0.0 39.26 1.03 21730.51 23.67 
297 0.59 357.22 0.44 269.08 0.09 0.0 704.4 0.13 0.0 0.0 0.0 33.58 0.88 18590.08 20.25 
298 0.64 385.9 0.48 290.69 0.1 0.0 760.97 0.14 0.0 0.0 0.0 36.28 0.95 20082.93 21.88 
299 0.66 398.68 0.49 300.31 0.1 0.0 786.15 0.15 0.0 0.0 0.0 37.48 0.98 20747.69 22.6 
300 0.64 389.66 0.48 293.52 0.1 0.0 768.37 0.14 0.0 0.0 0.0 36.63 0.96 20278.4 22.09 
301 0.73 441.03 0.54 332.21 0.11 0.0 869.67 0.16 0.0 0.0 0.0 41.46 1.09 22951.71 25.0 
302 0.71 429.75 0.53 323.72 0.11 0.0 847.42 0.16 0.0 0.0 0.0 40.4 1.06 22364.7 24.36 
303 0.6 361.1 0.45 272.01 0.09 0.0 712.06 0.13 0.0 0.0 0.0 33.95 0.89 18792.14 20.47 
304 0.62 378.05 0.47 284.77 0.09 0.0 745.48 0.14 0.0 0.0 0.0 35.54 0.93 19674.18 21.43 
305 0.68 413.01 0.51 311.1 0.1 0.0 814.41 0.15 0.0 0.0 0.0 38.83 1.02 21493.28 23.41 
306 0.67 402.98 0.5 303.55 0.1 0.0 794.65 0.15 0.0 0.0 0.0 37.88 0.99 20971.79 22.85 
307 0.62 373.74 0.46 281.53 0.09 0.0 736.98 0.14 0.0 0.0 0.0 35.14 0.92 19449.92 21.19 
308 0.7 422.93 0.52 318.58 0.1 0.0 833.98 0.16 0.0 0.0 0.0 39.76 1.04 22009.89 23.98 
309 0.72 438.96 0.54 330.66 0.11 0.0 865.59 0.16 0.0 0.0 0.0 41.27 1.08 22844.13 24.89 
310 0.63 380.1 0.47 286.31 0.09 0.0 749.51 0.14 0.0 0.0 0.0 35.73 0.94 19780.61 21.55 
311 0.72 437.71 0.54 329.71 0.11 0.0 863.12 0.16 0.0 0.0 0.0 41.15 1.08 22779.05 24.81 
312 0.56 339.91 0.42 256.04 0.08 0.0 670.27 0.13 0.0 0.0 0.0 31.95 0.84 17689.24 19.27 
313 0.56 340.36 0.42 256.38 0.08 0.0 671.16 0.13 0.0 0.0 0.0 32.0 0.84 17712.84 19.3 
314 0.7 425.98 0.52 320.88 0.1 0.0 840.0 0.16 0.0 0.0 0.0 40.05 1.05 22168.63 24.15 
315 0.61 371.84 0.46 280.1 0.09 0.0 733.24 0.14 0.0 0.0 0.0 34.96 0.92 19351.18 21.08 
316 0.6 365.25 0.45 275.13 0.09 0.0 720.24 0.14 0.0 0.0 0.0 34.34 0.9 19008.21 20.71 
317 0.65 395.01 0.49 297.55 0.1 0.0 778.93 0.15 0.0 0.0 0.0 37.14 0.97 20557.01 22.39 
318 0.62 378.22 0.47 284.9 0.09 0.0 745.81 0.14 0.0 0.0 0.0 35.56 0.93 19682.98 21.44 
319 0.69 418.97 0.52 315.6 0.1 0.0 826.17 0.15 0.0 0.0 0.0 39.39 1.03 21803.64 23.75 
320 0.57 346.66 0.43 261.12 0.09 0.0 683.57 0.13 0.0 0.0 0.0 32.59 0.85 18040.39 19.65 
321 0.65 390.63 0.48 294.25 0.1 0.0 770.28 0.14 0.0 0.0 0.0 36.72 0.96 20328.71 22.15 
322 0.88 533.94 0.66 402.2 0.13 0.0 1052.88 0.2 0.0 0.0 0.0 50.2 1.32 27786.88 30.27 
323 0.68 410.16 0.51 308.96 0.1 0.0 808.8 0.15 0.0 0.0 0.0 38.56 1.01 21345.24 23.25 
324 0.54 328.07 0.4 247.12 0.08 0.0 646.92 0.12 0.0 0.0 0.0 30.84 0.81 17073.06 18.6 
325 0.71 430.03 0.53 323.93 0.11 0.0 847.99 0.16 0.0 0.0 0.0 40.43 1.06 22379.51 24.38 
326 0.71 427.99 0.53 322.39 0.11 0.0 843.95 0.16 0.0 0.0 0.0 40.24 1.05 22273.02 24.26 
327 0.76 461.84 0.57 347.89 0.11 0.0 910.7 0.17 0.0 0.0 0.0 43.42 1.14 24034.69 26.18 
328 0.68 411.72 0.51 310.13 0.1 0.0 811.87 0.15 0.0 0.0 0.0 38.71 1.01 21426.31 23.34 
329 0.63 379.19 0.47 285.63 0.09 0.0 747.72 0.14 0.0 0.0 0.0 35.65 0.93 19733.27 21.5 
330 0.76 462.86 0.57 348.65 0.11 0.0 912.71 0.17 0.0 0.0 0.0 43.51 1.14 24087.59 26.24 
