1	0	0	0	0	0	0	0	0	2 0

6	330	330	714	0	0	0	0	

1	1	180	0	0	0	0	0	0	100	1	0	0	0	0
2	1	226	0	0	0	0	0	0	100	1	0	0	0	0
3	1	264	0	0	0	0	0	0	100	1	0	0	0	0
4	1	294	0	0	0	0	0	0	100	1	0	0	0	0
5	1	316	0	0	0	0	0	0	100	1	0	0	0	0
6	1	330	0	0	0	0	0	0	100	1	0	0	0	0

1 0 0 0 0 0 0 0 
2 0 0 0 0 0 0 0 
3 0 0 0 0 0 0 0 
4 0 0 0 0 0 0 0 
5 0 0 0 0 0 0 0 
6 0 0 0 0 0 0 0 
7 0 0 0 0 0 0 0 
8 0 0 0 0 0 0 0 
9 0 0 0 0 0 0 0 
10 0 0 0 0 0 0 0 
11 0 0 0 0 0 0 0 
12 0 0 0 0 0 0 0 
13 0 0 0 0 0 0 0 
14 0 0 0 0 0 0 0 
15 0 0 0 0 0 0 0 
16 0 0 0 0 0 0 0 
17 0 0 0 0 0 0 0 
18 0 0 0 0 0 0 0 
19 0 0 0 0 0 0 0 
20 0 0 0 0 0 0 0 
21 0 0 0 0 0 0 0 
22 0 0 0 0 0 0 0 
23 0 0 0 0 0 0 0 
24 0 0 0 0 0 0 0 
25 0 0 0 0 0 0 0 
26 0 0 0 0 0 0 0 
27 0 0 0 0 0 0 0 
28 0 0 0 0 0 0 0 
29 0 0 0 0 0 0 0 
30 0 0 0 0 0 0 0 
31 0 0 0 0 0 0 0 
32 0 0 0 0 0 0 0 
33 0 0 0 0 0 0 0 
34 0 0 0 0 0 0 0 
35 0 0 0 0 0 0 0 
36 0 0 0 0 0 0 0 
37 0 0 0 0 0 0 0 
38 0 0 0 0 0 0 0 
39 0 0 0 0 0 0 0 
40 0 0 0 0 0 0 0 
41 0 0 0 0 0 0 0 
42 0 0 0 0 0 0 0 
43 0 0 0 0 0 0 0 
44 0 0 0 0 0 0 0 
45 0 0 0 0 0 0 0 
46 0 0 0 0 0 0 0 
47 0 0 0 0 0 0 0 
48 0 0 0 0 0 0 0 
49 0 0 0 0 0 0 0 
50 0 0 0 0 0 0 0 
51 0 0 0 0 0 0 0 
52 0 0 0 0 0 0 0 
53 0 0 0 0 0 0 0 
54 0 0 0 0 0 0 0 
55 0 0 0 0 0 0 0 
56 0 0 0 0 0 0 0 
57 0 0 0 0 0 0 0 
58 0 0 0 0 0 0 0 
59 0 0 0 0 0 0 0 
60 0 0 0 0 0 0 0 
61 0 0 0 0 0 0 0 
62 0 0 0 0 0 0 0 
63 0 0 0 0 0 0 0 
64 0 0 0 0 0 0 0 
65 0 0 0 0 0 0 0 
66 0 0 0 0 0 0 0 
67 0 0 0 0 0 0 0 
68 0 0 0 0 0 0 0 
69 0 0 0 0 0 0 0 
70 0 0 0 0 0 0 0 
71 0 0 0 0 0 0 0 
72 0 0 0 0 0 0 0 
73 0 0 0 0 0 0 0 
74 0 0 0 0 0 0 0 
75 0 0 0 0 0 0 0 
76 0 0 0 0 0 0 0 
77 0 0 0 0 0 0 0 
78 0 0 0 0 0 0 0 
79 0 0 0 0 0 0 0 
80 0 0 0 0 0 0 0 
81 0 0 0 0 0 0 0 
82 0 0 0 0 0 0 0 
83 0 0 0 0 0 0 0 
84 0 0 0 0 0 0 0 
85 0 0 0 0 0 0 0 
86 0 0 0 0 0 0 0 
87 0 0 0 0 0 0 0 
88 0 0 0 0 0 0 0 
89 0 0 0 0 0 0 0 
90 0 0 0 0 0 0 0 
91 0 0 0 0 0 0 0 
92 0 0 0 0 0 0 0 
93 0 0 0 0 0 0 0 
94 0 0 0 0 0 0 0 
95 0 0 0 0 0 0 0 
96 0 0 0 0 0 0 0 
97 0 0 0 0 0 0 0 
98 0 0 0 0 0 0 0 
99 0 0 0 0 0 0 0 
100 0 0 0 0 0 0 0 
101 0 0 0 0 0 0 0 
102 0 0 0 0 0 0 0 
103 0 0 0 0 0 0 0 
104 0 0 0 0 0 0 0 
105 0 0 0 0 0 0 0 
106 0 0 0 0 0 0 0 
107 0 0 0 0 0 0 0 
108 0 0 0 0 0 0 0 
109 0 0 0 0 0 0 0 
110 0 0 0 0 0 0 0 
111 0 0 0 0 0 0 0 
112 0 0 0 0 0 0 0 
113 0 0 0 0 0 0 0 
114 0 0 0 0 0 0 0 
115 0 0 0 0 0 0 0 
116 0 0 0 0 0 0 0 
117 0 0 0 0 0 0 0 
118 0 0 0 0 0 0 0 
119 0 0 0 0 0 0 0 
120 0 0 0 0 0 0 0 
121 0 0 0 0 0 0 0 
122 0 0 0 0 0 0 0 
123 0 0 0 0 0 0 0 
124 0 0 0 0 0 0 0 
125 0 0 0 0 0 0 0 
126 0 0 0 0 0 0 0 
127 0 0 0 0 0 0 0 
128 0 0 0 0 0 0 0 
129 0 0 0 0 0 0 0 
130 0 0 0 0 0 0 0 
131 0 0 0 0 0 0 0 
132 0 0 0 0 0 0 0 
133 0 0 0 0 0 0 0 
134 0 0 0 0 0 0 0 
135 0 0 0 0 0 0 0 
136 0 0 0 0 0 0 0 
137 0 0 0 0 0 0 0 
138 0 0 0 0 0 0 0 
139 0 0 0 0 0 0 0 
140 0 0 0 0 0 0 0 
141 0 0 0 0 0 0 0 
142 0 0 0 0 0 0 0 
143 0 0 0 0 0 0 0 
144 0 0 0 0 0 0 0 
145 0 0 0 0 0 0 0 
146 0 0 0 0 0 0 0 
147 0 0 0 0 0 0 0 
148 0 0 0 0 0 0 0 
149 0 0 0 0 0 0 0 
150 0 0 0 0 0 0 0 
151 0 0 0 0 0 0 0 
152 0 0 0 0 0 0 0 
153 0 0 0 0 0 0 0 
154 0 0 0 0 0 0 0 
155 0 0 0 0 0 0 0 
156 0 0 0 0 0 0 0 
157 0 0 0 0 0 0 0 
158 0 0 0 0 0 0 0 
159 0 0 0 0 0 0 0 
160 0 0 0 0 0 0 0 
161 0 0 0 0 0 0 0 
162 0 0 0 0 0 0 0 
163 0 0 0 0 0 0 0 
164 0 0 0 0 0 0 0 
165 0 0 0 0 0 0 0 
166 0 0 0 0 0 0 0 
167 0 0 0 0 0 0 0 
168 0 0 0 0 0 0 0 
169 0 0 0 0 0 0 0 
170 0 0 0 0 0 0 0 
171 0 0 0 0 0 0 0 
172 0 0 0 0 0 0 0 
173 0 0 0 0 0 0 0 
174 0 0 0 0 0 0 0 
175 0 0 0 0 0 0 0 
176 0 0 0 0 0 0 0 
177 0 0 0 0 0 0 0 
178 0 0 0 0 0 0 0 
179 0 0 0 0 0 0 0 
180 0 0 0 0 0 0 0 
181 2 0 0 0 0 0 1 
182 2 0 0 0 0 0 1 
183 2 0 0 0 0 0 1 
184 2 0 0 0 0 0 1 
185 2 0 0 0 0 0 1 
186 2 0 0 0 0 0 1 
187 2 0 0 0 0 0 1 
188 2 0 0 0 0 0 1 
189 2 0 0 0 0 0 1 
190 2 0 0 0 0 0 1 
191 2 0 0 0 0 0 1 
192 2 0 0 0 0 0 1 
193 2 0 0 0 0 0 1 
194 2 0 0 0 0 0 1 
195 2 0 0 0 0 0 1 
196 2 0 0 0 0 0 1 
197 2 0 0 0 0 0 1 
198 2 0 0 0 0 0 1 
199 2 0 0 0 0 0 1 
200 2 0 0 0 0 0 1 
201 2 0 0 0 0 0 1 
202 2 0 0 0 0 0 1 
203 2 0 0 0 0 0 1 
204 2 0 0 0 0 0 1 
205 2 0 0 0 0 0 1 
206 2 0 0 0 0 0 1 
207 2 0 0 0 0 0 1 
208 2 0 0 0 0 0 1 
209 2 0 0 0 0 0 1 
210 2 0 0 0 0 0 1 
211 2 0 0 0 0 0 1 
212 2 0 0 0 0 0 1 
213 2 0 0 0 0 0 1 
214 2 0 0 0 0 0 1 
215 2 0 0 0 0 0 1 
216 2 0 0 0 0 0 1 
217 2 0 0 0 0 0 1 
218 2 0 0 0 0 0 1 
219 2 0 0 0 0 0 1 
220 2 0 0 0 0 0 1 
221 2 0 0 0 0 0 1 
222 2 0 0 0 0 0 1 
223 2 0 0 0 0 0 1 
224 2 0 0 0 0 0 1 
225 2 0 0 0 0 0 1 
226 2 0 0 0 0 0 1 
227 2 0 0 0 0 0 1 
228 2 0 0 0 0 0 1 
229 2 0 0 0 0 0 1 
230 2 0 0 0 0 0 1 
231 2 0 0 0 0 0 1 
232 2 0 0 0 0 0 1 
233 2 0 0 0 0 0 1 
234 2 0 0 0 0 0 1 
235 2 0 0 0 0 0 1 
236 2 0 0 0 0 0 1 
237 2 0 0 0 0 0 1 
238 2 0 0 0 0 0 1 
239 2 0 0 0 0 0 1 
240 2 0 0 0 0 0 1 
241 2 0 0 0 0 0 1 
242 2 0 0 0 0 0 1 
243 2 0 0 0 0 0 1 
244 2 0 0 0 0 0 1 
245 2 0 0 0 0 0 1 
246 2 0 0 0 0 0 1 
247 2 0 0 0 0 0 1 
248 2 0 0 0 0 0 1 
249 2 0 0 0 0 0 1 
250 2 0 0 0 0 0 1 
251 2 0 0 0 0 0 1 
252 2 0 0 0 0 0 1 
253 2 0 0 0 0 0 1 
254 2 0 0 0 0 0 1 
255 2 0 0 0 0 0 1 
256 2 0 0 0 0 0 1 
257 2 0 0 0 0 0 1 
258 2 0 0 0 0 0 1 
259 2 0 0 0 0 0 1 
260 2 0 0 0 0 0 1 
261 2 0 0 0 0 0 1 
262 2 0 0 0 0 0 1 
263 2 0 0 0 0 0 1 
264 2 0 0 0 0 0 1 
265 2 0 0 0 0 0 1 
266 2 0 0 0 0 0 1 
267 2 0 0 0 0 0 1 
268 2 0 0 0 0 0 1 
269 2 0 0 0 0 0 1 
270 2 0 0 0 0 0 1 
271 2 0 0 0 0 0 1 
272 2 0 0 0 0 0 1 
273 2 0 0 0 0 0 1 
274 2 0 0 0 0 0 1 
275 2 0 0 0 0 0 1 
276 2 0 0 0 0 0 1 
277 2 0 0 0 0 0 1 
278 2 0 0 0 0 0 1 
279 2 0 0 0 0 0 1 
280 2 0 0 0 0 0 1 
281 2 0 0 0 0 0 1 
282 2 0 0 0 0 0 1 
283 2 0 0 0 0 0 1 
284 2 0 0 0 0 0 1 
285 2 0 0 0 0 0 1 
286 2 0 0 0 0 0 1 
287 2 0 0 0 0 0 1 
288 2 0 0 0 0 0 1 
289 2 0 0 0 0 0 1 
290 2 0 0 0 0 0 1 
291 2 0 0 0 0 0 1 
292 2 0 0 0 0 0 1 
293 2 0 0 0 0 0 1 
294 2 0 0 0 0 0 1 
295 2 0 0 0 0 0 1 
296 2 0 0 0 0 0 1 
297 2 0 0 0 0 0 1 
298 2 0 0 0 0 0 1 
299 2 0 0 0 0 0 1 
300 2 0 0 0 0 0 1 
301 2 0 0 0 0 0 1 
302 2 0 0 0 0 0 1 
303 2 0 0 0 0 0 1 
304 2 0 0 0 0 0 1 
305 2 0 0 0 0 0 1 
306 2 0 0 0 0 0 1 
307 2 0 0 0 0 0 1 
308 2 0 0 0 0 0 1 
309 2 0 0 0 0 0 1 
310 2 0 0 0 0 0 1 
311 2 0 0 0 0 0 1 
312 2 0 0 0 0 0 1 
313 2 0 0 0 0 0 1 
314 2 0 0 0 0 0 1 
315 2 0 0 0 0 0 1 
316 2 0 0 0 0 0 1 
317 2 0 0 0 0 0 1 
318 2 0 0 0 0 0 1 
319 2 0 0 0 0 0 1 
320 2 0 0 0 0 0 1 
321 2 0 0 0 0 0 1 
322 2 0 0 0 0 0 1 
323 2 0 0 0 0 0 1 
324 2 0 0 0 0 0 1 
325 2 0 0 0 0 0 1 
326 2 0 0 0 0 0 1 
327 2 0 0 0 0 0 1 
328 2 0 0 0 0 0 1 
329 2 0 0 0 0 0 1 
330 2 0 0 0 0 0 1 
1 0.0 35292157.04 0.0 0.2 0.0 0.0 0.0 0.0 0.0 0.0 0.0 70.58 0.0 0.0 29.41 
2 0.0 31200471.63 0.0 0.17 0.0 0.0 0.0 0.0 0.0 0.0 0.0 62.4 0.0 0.0 26.0 
3 0.0 32936213.95 0.0 0.18 0.0 0.0 0.0 0.0 0.0 0.0 0.0 65.87 0.0 0.0 27.45 
4 0.0 36722679.6 0.0 0.2 0.0 0.0 0.0 0.0 0.0 0.0 0.0 73.45 0.0 0.0 30.6 
5 0.0 35602673.97 0.0 0.2 0.0 0.0 0.0 0.0 0.0 0.0 0.0 71.21 0.0 0.0 29.67 
6 0.0 27068166.36 0.0 0.15 0.0 0.0 0.0 0.0 0.0 0.0 0.0 54.14 0.0 0.0 22.56 
7 0.0 32850265.25 0.0 0.18 0.0 0.0 0.0 0.0 0.0 0.0 0.0 65.7 0.0 0.0 27.38 
8 0.0 29545928.38 0.0 0.16 0.0 0.0 0.0 0.0 0.0 0.0 0.0 59.09 0.0 0.0 24.62 
9 0.0 29690343.44 0.0 0.17 0.0 0.0 0.0 0.0 0.0 0.0 0.0 59.38 0.0 0.0 24.74 
10 0.0 31231795.51 0.0 0.17 0.0 0.0 0.0 0.0 0.0 0.0 0.0 62.46 0.0 0.0 26.03 
11 0.0 30432130.71 0.0 0.17 0.0 0.0 0.0 0.0 0.0 0.0 0.0 60.86 0.0 0.0 25.36 
12 0.0 34362820.52 0.0 0.19 0.0 0.0 0.0 0.0 0.0 0.0 0.0 68.73 0.0 0.0 28.64 
13 0.0 32283113.18 0.0 0.18 0.0 0.0 0.0 0.0 0.0 0.0 0.0 64.57 0.0 0.0 26.9 
14 0.0 30365025.05 0.0 0.17 0.0 0.0 0.0 0.0 0.0 0.0 0.0 60.73 0.0 0.0 25.3 
15 0.0 31331589.7 0.0 0.17 0.0 0.0 0.0 0.0 0.0 0.0 0.0 62.66 0.0 0.0 26.11 
16 0.0 31001022.98 0.0 0.17 0.0 0.0 0.0 0.0 0.0 0.0 0.0 62.0 0.0 0.0 25.83 
17 0.0 34482237.22 0.0 0.19 0.0 0.0 0.0 0.0 0.0 0.0 0.0 68.96 0.0 0.0 28.74 
18 0.0 29384525.21 0.0 0.16 0.0 0.0 0.0 0.0 0.0 0.0 0.0 58.77 0.0 0.0 24.49 
19 0.0 30939203.1 0.0 0.17 0.0 0.0 0.0 0.0 0.0 0.0 0.0 61.88 0.0 0.0 25.78 
20 0.0 27437712.78 0.0 0.15 0.0 0.0 0.0 0.0 0.0 0.0 0.0 54.88 0.0 0.0 22.86 
21 0.0 22341030.55 0.0 0.12 0.0 0.0 0.0 0.0 0.0 0.0 0.0 44.68 0.0 0.0 18.62 
22 0.0 31960855.79 0.0 0.18 0.0 0.0 0.0 0.0 0.0 0.0 0.0 63.92 0.0 0.0 26.63 
23 0.0 32593308.6 0.0 0.18 0.0 0.0 0.0 0.0 0.0 0.0 0.0 65.19 0.0 0.0 27.16 
24 0.0 27773504.94 0.0 0.15 0.0 0.0 0.0 0.0 0.0 0.0 0.0 55.55 0.0 0.0 23.14 
25 0.0 36809263.87 0.0 0.2 0.0 0.0 0.0 0.0 0.0 0.0 0.0 73.62 0.0 0.0 30.67 
26 0.0 25636902.98 0.0 0.14 0.0 0.0 0.0 0.0 0.0 0.0 0.0 51.27 0.0 0.0 21.36 
27 0.0 30137275.55 0.0 0.17 0.0 0.0 0.0 0.0 0.0 0.0 0.0 60.27 0.0 0.0 25.11 
28 0.0 29438448.45 0.0 0.16 0.0 0.0 0.0 0.0 0.0 0.0 0.0 58.88 0.0 0.0 24.53 
29 0.0 34598337.64 0.0 0.19 0.0 0.0 0.0 0.0 0.0 0.0 0.0 69.2 0.0 0.0 28.83 
30 0.0 34408076.31 0.0 0.19 0.0 0.0 0.0 0.0 0.0 0.0 0.0 68.82 0.0 0.0 28.67 
31 0.0 30464842.28 0.0 0.17 0.0 0.0 0.0 0.0 0.0 0.0 0.0 60.93 0.0 0.0 25.39 
32 0.0 31134487.56 0.0 0.17 0.0 0.0 0.0 0.0 0.0 0.0 0.0 62.27 0.0 0.0 25.95 
33 0.0 27336642.76 0.0 0.15 0.0 0.0 0.0 0.0 0.0 0.0 0.0 54.67 0.0 0.0 22.78 
34 0.0 24057610.6 0.0 0.13 0.0 0.0 0.0 0.0 0.0 0.0 0.0 48.12 0.0 0.0 20.05 
35 0.0 28956263.55 0.0 0.16 0.0 0.0 0.0 0.0 0.0 0.0 0.0 57.91 0.0 0.0 24.13 
36 0.0 30469046.91 0.0 0.17 0.0 0.0 0.0 0.0 0.0 0.0 0.0 60.94 0.0 0.0 25.39 
37 0.0 33690872.04 0.0 0.19 0.0 0.0 0.0 0.0 0.0 0.0 0.0 67.38 0.0 0.0 28.08 
38 0.0 33607139.55 0.0 0.19 0.0 0.0 0.0 0.0 0.0 0.0 0.0 67.21 0.0 0.0 28.01 
39 0.0 28838019.55 0.0 0.16 0.0 0.0 0.0 0.0 0.0 0.0 0.0 57.68 0.0 0.0 24.03 
40 0.0 29093091.75 0.0 0.16 0.0 0.0 0.0 0.0 0.0 0.0 0.0 58.19 0.0 0.0 24.24 
41 0.0 26854341.1 0.0 0.15 0.0 0.0 0.0 0.0 0.0 0.0 0.0 53.71 0.0 0.0 22.38 
42 0.0 25739946.19 0.0 0.14 0.0 0.0 0.0 0.0 0.0 0.0 0.0 51.48 0.0 0.0 21.45 
43 0.0 24881189.43 0.0 0.14 0.0 0.0 0.0 0.0 0.0 0.0 0.0 49.76 0.0 0.0 20.73 
44 0.0 35852326.19 0.0 0.2 0.0 0.0 0.0 0.0 0.0 0.0 0.0 71.7 0.0 0.0 29.88 
45 0.0 28471043.45 0.0 0.16 0.0 0.0 0.0 0.0 0.0 0.0 0.0 56.94 0.0 0.0 23.73 
46 0.0 28685777.1 0.0 0.16 0.0 0.0 0.0 0.0 0.0 0.0 0.0 57.37 0.0 0.0 23.9 
47 0.0 26241613.92 0.0 0.15 0.0 0.0 0.0 0.0 0.0 0.0 0.0 52.48 0.0 0.0 21.87 
48 0.0 32332471.07 0.0 0.18 0.0 0.0 0.0 0.0 0.0 0.0 0.0 64.66 0.0 0.0 26.94 
49 0.0 25158306.46 0.0 0.14 0.0 0.0 0.0 0.0 0.0 0.0 0.0 50.32 0.0 0.0 20.97 
50 0.0 29361779.16 0.0 0.16 0.0 0.0 0.0 0.0 0.0 0.0 0.0 58.72 0.0 0.0 24.47 
51 0.0 27313600.32 0.0 0.15 0.0 0.0 0.0 0.0 0.0 0.0 0.0 54.63 0.0 0.0 22.76 
52 0.0 31160707.49 0.0 0.17 0.0 0.0 0.0 0.0 0.0 0.0 0.0 62.32 0.0 0.0 25.97 
53 0.0 28467584.59 0.0 0.16 0.0 0.0 0.0 0.0 0.0 0.0 0.0 56.94 0.0 0.0 23.72 
54 0.0 26458103.45 0.0 0.15 0.0 0.0 0.0 0.0 0.0 0.0 0.0 52.92 0.0 0.0 22.05 
55 0.0 29915453.31 0.0 0.17 0.0 0.0 0.0 0.0 0.0 0.0 0.0 59.83 0.0 0.0 24.93 
56 0.0 31284995.61 0.0 0.17 0.0 0.0 0.0 0.0 0.0 0.0 0.0 62.57 0.0 0.0 26.07 
57 0.0 30199551.67 0.0 0.17 0.0 0.0 0.0 0.0 0.0 0.0 0.0 60.4 0.0 0.0 25.17 
58 0.0 30907415.69 0.0 0.17 0.0 0.0 0.0 0.0 0.0 0.0 0.0 61.81 0.0 0.0 25.76 
59 0.0 28097033.72 0.0 0.16 0.0 0.0 0.0 0.0 0.0 0.0 0.0 56.19 0.0 0.0 23.41 
60 0.0 28911776.5 0.0 0.16 0.0 0.0 0.0 0.0 0.0 0.0 0.0 57.82 0.0 0.0 24.09 
61 0.0 27982618.66 0.0 0.16 0.0 0.0 0.0 0.0 0.0 0.0 0.0 55.97 0.0 0.0 23.32 
62 0.0 28921340.52 0.0 0.16 0.0 0.0 0.0 0.0 0.0 0.0 0.0 57.84 0.0 0.0 24.1 
63 0.0 27560561.15 0.0 0.15 0.0 0.0 0.0 0.0 0.0 0.0 0.0 55.12 0.0 0.0 22.97 
64 0.0 24821152.19 0.0 0.14 0.0 0.0 0.0 0.0 0.0 0.0 0.0 49.64 0.0 0.0 20.68 
65 0.0 30532278.43 0.0 0.17 0.0 0.0 0.0 0.0 0.0 0.0 0.0 61.06 0.0 0.0 25.44 
66 0.0 28794657.19 0.0 0.16 0.0 0.0 0.0 0.0 0.0 0.0 0.0 57.59 0.0 0.0 24.0 
67 0.0 25109404.96 0.0 0.14 0.0 0.0 0.0 0.0 0.0 0.0 0.0 50.22 0.0 0.0 20.92 
68 0.0 31388346.77 0.0 0.17 0.0 0.0 0.0 0.0 0.0 0.0 0.0 62.78 0.0 0.0 26.16 
69 0.0 27278104.91 0.0 0.15 0.0 0.0 0.0 0.0 0.0 0.0 0.0 54.56 0.0 0.0 22.73 
70 0.0 30155836.19 0.0 0.17 0.0 0.0 0.0 0.0 0.0 0.0 0.0 60.31 0.0 0.0 25.13 
71 0.0 32187271.69 0.0 0.18 0.0 0.0 0.0 0.0 0.0 0.0 0.0 64.37 0.0 0.0 26.82 
72 0.0 30386948.73 0.0 0.17 0.0 0.0 0.0 0.0 0.0 0.0 0.0 60.77 0.0 0.0 25.32 
73 0.0 33418202.05 0.0 0.19 0.0 0.0 0.0 0.0 0.0 0.0 0.0 66.84 0.0 0.0 27.85 
74 0.0 26295522.54 0.0 0.15 0.0 0.0 0.0 0.0 0.0 0.0 0.0 52.59 0.0 0.0 21.91 
75 0.0 31207024.92 0.0 0.17 0.0 0.0 0.0 0.0 0.0 0.0 0.0 62.41 0.0 0.0 26.01 
76 0.0 27945569.73 0.0 0.16 0.0 0.0 0.0 0.0 0.0 0.0 0.0 55.89 0.0 0.0 23.29 
77 0.0 27387608.55 0.0 0.15 0.0 0.0 0.0 0.0 0.0 0.0 0.0 54.78 0.0 0.0 22.82 
78 0.0 28263451.01 0.0 0.16 0.0 0.0 0.0 0.0 0.0 0.0 0.0 56.53 0.0 0.0 23.55 
79 0.0 29065342.4 0.0 0.16 0.0 0.0 0.0 0.0 0.0 0.0 0.0 58.13 0.0 0.0 24.22 
80 0.0 30168496.03 0.0 0.17 0.0 0.0 0.0 0.0 0.0 0.0 0.0 60.34 0.0 0.0 25.14 
81 0.0 26504550.48 0.0 0.15 0.0 0.0 0.0 0.0 0.0 0.0 0.0 53.01 0.0 0.0 22.09 
82 0.0 32702479.46 0.0 0.18 0.0 0.0 0.0 0.0 0.0 0.0 0.0 65.4 0.0 0.0 27.25 
83 0.0 31396987.32 0.0 0.17 0.0 0.0 0.0 0.0 0.0 0.0 0.0 62.79 0.0 0.0 26.16 
84 0.0 25391268.94 0.0 0.14 0.0 0.0 0.0 0.0 0.0 0.0 0.0 50.78 0.0 0.0 21.16 
85 0.0 34464756.58 0.0 0.19 0.0 0.0 0.0 0.0 0.0 0.0 0.0 68.93 0.0 0.0 28.72 
86 0.0 35687667.53 0.0 0.2 0.0 0.0 0.0 0.0 0.0 0.0 0.0 71.38 0.0 0.0 29.74 
87 0.0 33536338.71 0.0 0.19 0.0 0.0 0.0 0.0 0.0 0.0 0.0 67.07 0.0 0.0 27.95 
88 0.0 29460225.49 0.0 0.16 0.0 0.0 0.0 0.0 0.0 0.0 0.0 58.92 0.0 0.0 24.55 
89 0.0 26787742.14 0.0 0.15 0.0 0.0 0.0 0.0 0.0 0.0 0.0 53.58 0.0 0.0 22.32 
90 0.0 33163355.18 0.0 0.18 0.0 0.0 0.0 0.0 0.0 0.0 0.0 66.33 0.0 0.0 27.64 
91 0.0 28790469.16 0.0 0.16 0.0 0.0 0.0 0.0 0.0 0.0 0.0 57.58 0.0 0.0 23.99 
92 0.0 33667335.21 0.0 0.19 0.0 0.0 0.0 0.0 0.0 0.0 0.0 67.33 0.0 0.0 28.06 
93 0.0 30624824.93 0.0 0.17 0.0 0.0 0.0 0.0 0.0 0.0 0.0 61.25 0.0 0.0 25.52 
94 0.0 32929917.11 0.0 0.18 0.0 0.0 0.0 0.0 0.0 0.0 0.0 65.86 0.0 0.0 27.44 
95 0.0 31069099.19 0.0 0.17 0.0 0.0 0.0 0.0 0.0 0.0 0.0 62.14 0.0 0.0 25.89 
96 0.0 32119719.5 0.0 0.18 0.0 0.0 0.0 0.0 0.0 0.0 0.0 64.24 0.0 0.0 26.77 
97 0.0 30031500.06 0.0 0.17 0.0 0.0 0.0 0.0 0.0 0.0 0.0 60.06 0.0 0.0 25.03 
98 0.0 35357611.48 0.0 0.2 0.0 0.0 0.0 0.0 0.0 0.0 0.0 70.72 0.0 0.0 29.46 
99 0.0 30380736.28 0.0 0.17 0.0 0.0 0.0 0.0 0.0 0.0 0.0 60.76 0.0 0.0 25.32 
100 0.0 31205968.09 0.0 0.17 0.0 0.0 0.0 0.0 0.0 0.0 0.0 62.41 0.0 0.0 26.0 
101 0.0 35649452.09 0.0 0.2 0.0 0.0 0.0 0.0 0.0 0.0 0.0 71.3 0.0 0.0 29.71 
102 0.0 25956722.82 0.0 0.14 0.0 0.0 0.0 0.0 0.0 0.0 0.0 51.91 0.0 0.0 21.63 
103 0.0 26188545.0 0.0 0.15 0.0 0.0 0.0 0.0 0.0 0.0 0.0 52.38 0.0 0.0 21.82 
104 0.0 32908190.12 0.0 0.18 0.0 0.0 0.0 0.0 0.0 0.0 0.0 65.82 0.0 0.0 27.42 
105 0.0 26480629.78 0.0 0.15 0.0 0.0 0.0 0.0 0.0 0.0 0.0 52.96 0.0 0.0 22.07 
106 0.0 35830863.56 0.0 0.2 0.0 0.0 0.0 0.0 0.0 0.0 0.0 71.66 0.0 0.0 29.86 
107 0.0 28759143.06 0.0 0.16 0.0 0.0 0.0 0.0 0.0 0.0 0.0 57.52 0.0 0.0 23.97 
108 0.0 27757635.57 0.0 0.15 0.0 0.0 0.0 0.0 0.0 0.0 0.0 55.52 0.0 0.0 23.13 
109 0.0 35768826.08 0.0 0.2 0.0 0.0 0.0 0.0 0.0 0.0 0.0 71.54 0.0 0.0 29.81 
110 0.0 34441544.37 0.0 0.19 0.0 0.0 0.0 0.0 0.0 0.0 0.0 68.88 0.0 0.0 28.7 
111 0.0 35602676.88 0.0 0.2 0.0 0.0 0.0 0.0 0.0 0.0 0.0 71.21 0.0 0.0 29.67 
112 0.0 32718133.97 0.0 0.18 0.0 0.0 0.0 0.0 0.0 0.0 0.0 65.44 0.0 0.0 27.27 
113 0.0 27416322.94 0.0 0.15 0.0 0.0 0.0 0.0 0.0 0.0 0.0 54.83 0.0 0.0 22.85 
114 0.0 35730194.86 0.0 0.2 0.0 0.0 0.0 0.0 0.0 0.0 0.0 71.46 0.0 0.0 29.78 
115 0.0 29195989.89 0.0 0.16 0.0 0.0 0.0 0.0 0.0 0.0 0.0 58.39 0.0 0.0 24.33 
116 0.0 32407369.19 0.0 0.18 0.0 0.0 0.0 0.0 0.0 0.0 0.0 64.81 0.0 0.0 27.01 
117 0.0 32841755.9 0.0 0.18 0.0 0.0 0.0 0.0 0.0 0.0 0.0 65.68 0.0 0.0 27.37 
118 0.0 29534969.72 0.0 0.16 0.0 0.0 0.0 0.0 0.0 0.0 0.0 59.07 0.0 0.0 24.61 
119 0.0 31842238.11 0.0 0.18 0.0 0.0 0.0 0.0 0.0 0.0 0.0 63.68 0.0 0.0 26.54 
120 0.0 32766620.01 0.0 0.18 0.0 0.0 0.0 0.0 0.0 0.0 0.0 65.53 0.0 0.0 27.31 
121 0.0 31129276.59 0.0 0.17 0.0 0.0 0.0 0.0 0.0 0.0 0.0 62.26 0.0 0.0 25.94 
122 0.0 26701797.63 0.0 0.15 0.0 0.0 0.0 0.0 0.0 0.0 0.0 53.4 0.0 0.0 22.25 
123 0.0 30894714.52 0.0 0.17 0.0 0.0 0.0 0.0 0.0 0.0 0.0 61.79 0.0 0.0 25.75 
124 0.0 33979157.69 0.0 0.19 0.0 0.0 0.0 0.0 0.0 0.0 0.0 67.96 0.0 0.0 28.32 
125 0.0 27916296.42 0.0 0.16 0.0 0.0 0.0 0.0 0.0 0.0 0.0 55.83 0.0 0.0 23.26 
126 0.0 29551096.38 0.0 0.16 0.0 0.0 0.0 0.0 0.0 0.0 0.0 59.1 0.0 0.0 24.63 
127 0.0 28694539.34 0.0 0.16 0.0 0.0 0.0 0.0 0.0 0.0 0.0 57.39 0.0 0.0 23.91 
128 0.0 35547791.19 0.0 0.2 0.0 0.0 0.0 0.0 0.0 0.0 0.0 71.1 0.0 0.0 29.62 
129 0.0 32016884.27 0.0 0.18 0.0 0.0 0.0 0.0 0.0 0.0 0.0 64.03 0.0 0.0 26.68 
130 0.0 31222385.51 0.0 0.17 0.0 0.0 0.0 0.0 0.0 0.0 0.0 62.44 0.0 0.0 26.02 
131 0.0 27690251.78 0.0 0.15 0.0 0.0 0.0 0.0 0.0 0.0 0.0 55.38 0.0 0.0 23.08 
132 0.0 31617747.57 0.0 0.18 0.0 0.0 0.0 0.0 0.0 0.0 0.0 63.24 0.0 0.0 26.35 
133 0.0 27977002.02 0.0 0.16 0.0 0.0 0.0 0.0 0.0 0.0 0.0 55.95 0.0 0.0 23.31 
134 0.0 30095491.67 0.0 0.17 0.0 0.0 0.0 0.0 0.0 0.0 0.0 60.19 0.0 0.0 25.08 
135 0.0 28092461.76 0.0 0.16 0.0 0.0 0.0 0.0 0.0 0.0 0.0 56.18 0.0 0.0 23.41 
136 0.0 32029299.88 0.0 0.18 0.0 0.0 0.0 0.0 0.0 0.0 0.0 64.06 0.0 0.0 26.69 
137 0.0 31729772.45 0.0 0.18 0.0 0.0 0.0 0.0 0.0 0.0 0.0 63.46 0.0 0.0 26.44 
138 0.0 29375103.73 0.0 0.16 0.0 0.0 0.0 0.0 0.0 0.0 0.0 58.75 0.0 0.0 24.48 
139 0.0 31188020.14 0.0 0.17 0.0 0.0 0.0 0.0 0.0 0.0 0.0 62.38 0.0 0.0 25.99 
140 0.0 26720815.47 0.0 0.15 0.0 0.0 0.0 0.0 0.0 0.0 0.0 53.44 0.0 0.0 22.27 
141 0.0 25526227.22 0.0 0.14 0.0 0.0 0.0 0.0 0.0 0.0 0.0 51.05 0.0 0.0 21.27 
142 0.0 31318175.1 0.0 0.17 0.0 0.0 0.0 0.0 0.0 0.0 0.0 62.64 0.0 0.0 26.1 
143 0.0 30500020.49 0.0 0.17 0.0 0.0 0.0 0.0 0.0 0.0 0.0 61.0 0.0 0.0 25.42 
144 0.0 31905094.31 0.0 0.18 0.0 0.0 0.0 0.0 0.0 0.0 0.0 63.81 0.0 0.0 26.59 
145 0.0 37149434.32 0.0 0.21 0.0 0.0 0.0 0.0 0.0 0.0 0.0 74.3 0.0 0.0 30.96 
146 0.0 32833438.46 0.0 0.18 0.0 0.0 0.0 0.0 0.0 0.0 0.0 65.67 0.0 0.0 27.36 
147 0.0 27261533.32 0.0 0.15 0.0 0.0 0.0 0.0 0.0 0.0 0.0 54.52 0.0 0.0 22.72 
148 0.0 33351048.86 0.0 0.19 0.0 0.0 0.0 0.0 0.0 0.0 0.0 66.7 0.0 0.0 27.79 
149 0.0 26052277.77 0.0 0.15 0.0 0.0 0.0 0.0 0.0 0.0 0.0 52.1 0.0 0.0 21.71 
150 0.0 28615246.19 0.0 0.16 0.0 0.0 0.0 0.0 0.0 0.0 0.0 57.23 0.0 0.0 23.85 
151 0.0 29795275.18 0.0 0.17 0.0 0.0 0.0 0.0 0.0 0.0 0.0 59.59 0.0 0.0 24.83 
152 0.0 35140028.16 0.0 0.2 0.0 0.0 0.0 0.0 0.0 0.0 0.0 70.28 0.0 0.0 29.28 
153 0.0 27765735.53 0.0 0.15 0.0 0.0 0.0 0.0 0.0 0.0 0.0 55.53 0.0 0.0 23.14 
154 0.0 27520684.38 0.0 0.15 0.0 0.0 0.0 0.0 0.0 0.0 0.0 55.04 0.0 0.0 22.93 
155 0.0 29704642.43 0.0 0.17 0.0 0.0 0.0 0.0 0.0 0.0 0.0 59.41 0.0 0.0 24.75 
156 0.0 28009565.14 0.0 0.16 0.0 0.0 0.0 0.0 0.0 0.0 0.0 56.02 0.0 0.0 23.34 
157 0.0 33379907.77 0.0 0.19 0.0 0.0 0.0 0.0 0.0 0.0 0.0 66.76 0.0 0.0 27.82 
158 0.0 26760205.47 0.0 0.15 0.0 0.0 0.0 0.0 0.0 0.0 0.0 53.52 0.0 0.0 22.3 
159 0.0 26557594.04 0.0 0.15 0.0 0.0 0.0 0.0 0.0 0.0 0.0 53.12 0.0 0.0 22.13 
160 0.0 28686539.87 0.0 0.16 0.0 0.0 0.0 0.0 0.0 0.0 0.0 57.37 0.0 0.0 23.91 
161 0.0 28505902.65 0.0 0.16 0.0 0.0 0.0 0.0 0.0 0.0 0.0 57.01 0.0 0.0 23.75 
162 0.0 35788596.16 0.0 0.2 0.0 0.0 0.0 0.0 0.0 0.0 0.0 71.58 0.0 0.0 29.82 
163 0.0 32848262.42 0.0 0.18 0.0 0.0 0.0 0.0 0.0 0.0 0.0 65.7 0.0 0.0 27.37 
164 0.0 30262653.72 0.0 0.17 0.0 0.0 0.0 0.0 0.0 0.0 0.0 60.53 0.0 0.0 25.22 
165 0.0 26323693.44 0.0 0.15 0.0 0.0 0.0 0.0 0.0 0.0 0.0 52.65 0.0 0.0 21.94 
166 0.0 32533088.93 0.0 0.18 0.0 0.0 0.0 0.0 0.0 0.0 0.0 65.07 0.0 0.0 27.11 
167 0.0 26999353.96 0.0 0.15 0.0 0.0 0.0 0.0 0.0 0.0 0.0 54.0 0.0 0.0 22.5 
168 0.0 25365686.71 0.0 0.14 0.0 0.0 0.0 0.0 0.0 0.0 0.0 50.73 0.0 0.0 21.14 
169 0.0 33564089.38 0.0 0.19 0.0 0.0 0.0 0.0 0.0 0.0 0.0 67.13 0.0 0.0 27.97 
170 0.0 30950827.84 0.0 0.17 0.0 0.0 0.0 0.0 0.0 0.0 0.0 61.9 0.0 0.0 25.79 
171 0.0 32762576.47 0.0 0.18 0.0 0.0 0.0 0.0 0.0 0.0 0.0 65.53 0.0 0.0 27.3 
172 0.0 30956182.96 0.0 0.17 0.0 0.0 0.0 0.0 0.0 0.0 0.0 61.91 0.0 0.0 25.8 
173 0.0 32570491.84 0.0 0.18 0.0 0.0 0.0 0.0 0.0 0.0 0.0 65.14 0.0 0.0 27.14 
174 0.0 28046923.22 0.0 0.16 0.0 0.0 0.0 0.0 0.0 0.0 0.0 56.09 0.0 0.0 23.37 
175 0.0 26897271.47 0.0 0.15 0.0 0.0 0.0 0.0 0.0 0.0 0.0 53.79 0.0 0.0 22.41 
176 0.0 32044783.55 0.0 0.18 0.0 0.0 0.0 0.0 0.0 0.0 0.0 64.09 0.0 0.0 26.7 
177 0.0 27589771.01 0.0 0.15 0.0 0.0 0.0 0.0 0.0 0.0 0.0 55.18 0.0 0.0 22.99 
178 0.0 27931350.67 0.0 0.16 0.0 0.0 0.0 0.0 0.0 0.0 0.0 55.86 0.0 0.0 23.28 
179 0.0 28633402.49 0.0 0.16 0.0 0.0 0.0 0.0 0.0 0.0 0.0 57.27 0.0 0.0 23.86 
180 0.0 30052437.48 0.0 0.17 0.0 0.0 0.0 0.0 0.0 0.0 0.0 60.1 0.0 0.0 25.04 
181 0.65 391.34 0.48 294.78 0.1 0.0 771.68 0.14 0.0 0.0 0.0 36.79 0.96 20365.71 22.19 
182 0.58 349.92 0.43 263.58 0.09 0.0 690.0 0.13 0.0 0.0 0.0 32.9 0.86 18210.15 19.84 
183 0.63 379.59 0.47 285.93 0.09 0.0 748.51 0.14 0.0 0.0 0.0 35.69 0.94 19754.22 21.52 
184 0.52 315.5 0.39 237.65 0.08 0.0 622.13 0.12 0.0 0.0 0.0 29.66 0.78 16418.81 17.89 
185 0.71 431.07 0.53 324.71 0.11 0.0 850.02 0.16 0.0 0.0 0.0 40.52 1.06 22433.16 24.44 
186 0.56 340.7 0.42 256.64 0.08 0.0 671.84 0.13 0.0 0.0 0.0 32.03 0.84 17730.66 19.32 
187 0.6 360.9 0.44 271.85 0.09 0.0 711.65 0.13 0.0 0.0 0.0 33.93 0.89 18781.4 20.46 
188 0.67 407.82 0.5 307.19 0.1 0.0 804.17 0.15 0.0 0.0 0.0 38.34 1.01 21223.24 23.12 
189 0.62 375.7 0.46 283.0 0.09 0.0 740.83 0.14 0.0 0.0 0.0 35.32 0.93 19551.65 21.3 
190 0.77 468.3 0.58 352.75 0.12 0.0 923.44 0.17 0.0 0.0 0.0 44.03 1.15 24370.88 26.55 
191 0.58 353.25 0.44 266.09 0.09 0.0 696.57 0.13 0.0 0.0 0.0 33.21 0.87 18383.48 20.03 
192 0.69 416.53 0.51 313.76 0.1 0.0 821.36 0.15 0.0 0.0 0.0 39.16 1.03 21676.93 23.61 
193 0.67 404.11 0.5 304.4 0.1 0.0 796.86 0.15 0.0 0.0 0.0 37.99 1.0 21030.16 22.91 
194 0.59 358.31 0.44 269.9 0.09 0.0 706.55 0.13 0.0 0.0 0.0 33.68 0.88 18646.89 20.31 
195 0.71 426.93 0.53 321.59 0.11 0.0 841.86 0.16 0.0 0.0 0.0 40.14 1.05 22217.9 24.2 
196 0.66 398.74 0.49 300.36 0.1 0.0 786.28 0.15 0.0 0.0 0.0 37.49 0.98 20750.91 22.61 
197 0.72 437.01 0.54 329.19 0.11 0.0 861.74 0.16 0.0 0.0 0.0 41.08 1.08 22742.59 24.78 
198 0.73 439.11 0.54 330.77 0.11 0.0 865.88 0.16 0.0 0.0 0.0 41.28 1.08 22851.77 24.89 
199 0.81 493.46 0.61 371.71 0.12 0.0 973.06 0.18 0.0 0.0 0.0 46.39 1.22 25680.36 27.98 
200 0.76 459.92 0.57 346.44 0.11 0.0 906.92 0.17 0.0 0.0 0.0 43.24 1.13 23934.92 26.07 
201 0.65 390.72 0.48 294.32 0.1 0.0 770.47 0.14 0.0 0.0 0.0 36.73 0.96 20333.64 22.15 
202 0.65 395.99 0.49 298.28 0.1 0.0 780.85 0.15 0.0 0.0 0.0 37.23 0.98 20607.7 22.45 
203 0.74 450.31 0.55 339.21 0.11 0.0 887.97 0.17 0.0 0.0 0.0 42.33 1.11 23434.82 25.53 
204 0.71 432.28 0.53 325.62 0.11 0.0 852.42 0.16 0.0 0.0 0.0 40.64 1.07 22496.56 24.51 
205 0.71 431.67 0.53 325.16 0.11 0.0 851.21 0.16 0.0 0.0 0.0 40.58 1.06 22464.62 24.47 
206 0.56 340.1 0.42 256.19 0.08 0.0 670.64 0.13 0.0 0.0 0.0 31.97 0.84 17699.2 19.28 
207 0.67 404.71 0.5 304.86 0.1 0.0 798.05 0.15 0.0 0.0 0.0 38.05 1.0 21061.74 22.94 
208 0.62 375.76 0.46 283.05 0.09 0.0 740.96 0.14 0.0 0.0 0.0 35.33 0.93 19554.89 21.3 
209 0.69 417.06 0.51 314.15 0.1 0.0 822.39 0.15 0.0 0.0 0.0 39.21 1.03 21704.11 23.64 
210 0.66 401.72 0.5 302.6 0.1 0.0 792.15 0.15 0.0 0.0 0.0 37.77 0.99 20905.87 22.77 
211 0.73 442.63 0.55 333.42 0.11 0.0 872.81 0.16 0.0 0.0 0.0 41.61 1.09 23034.77 25.09 
212 0.69 418.57 0.52 315.29 0.1 0.0 825.38 0.15 0.0 0.0 0.0 39.35 1.03 21782.85 23.73 
213 0.72 437.6 0.54 329.63 0.11 0.0 862.91 0.16 0.0 0.0 0.0 41.14 1.08 22773.28 24.81 
214 0.64 386.78 0.48 291.35 0.1 0.0 762.69 0.14 0.0 0.0 0.0 36.36 0.95 20128.34 21.93 
215 0.61 367.38 0.45 276.74 0.09 0.0 724.44 0.14 0.0 0.0 0.0 34.54 0.91 19119.08 20.83 
216 0.64 389.06 0.48 293.07 0.1 0.0 767.2 0.14 0.0 0.0 0.0 36.58 0.96 20247.36 22.06 
217 0.67 405.01 0.5 305.08 0.1 0.0 798.64 0.15 0.0 0.0 0.0 38.08 1.0 21077.16 22.96 
218 0.7 421.08 0.52 317.19 0.1 0.0 830.33 0.16 0.0 0.0 0.0 39.59 1.04 21913.61 23.87 
219 0.82 497.36 0.61 374.64 0.12 0.0 980.74 0.18 0.0 0.0 0.0 46.76 1.23 25883.2 28.2 
220 0.67 403.99 0.5 304.31 0.1 0.0 796.62 0.15 0.0 0.0 0.0 37.98 1.0 21023.88 22.9 
221 0.61 366.92 0.45 276.39 0.09 0.0 723.52 0.14 0.0 0.0 0.0 34.49 0.9 19094.8 20.8 
222 0.65 391.66 0.48 295.03 0.1 0.0 772.32 0.14 0.0 0.0 0.0 36.82 0.97 20382.63 22.2 
223 0.64 386.89 0.48 291.43 0.1 0.0 762.91 0.14 0.0 0.0 0.0 36.37 0.95 20134.31 21.93 
224 0.7 425.23 0.52 320.31 0.1 0.0 838.52 0.16 0.0 0.0 0.0 39.98 1.05 22129.66 24.11 
225 0.57 343.19 0.42 258.51 0.08 0.0 676.74 0.13 0.0 0.0 0.0 32.26 0.85 17860.0 19.46 
226 0.67 408.27 0.5 307.53 0.1 0.0 805.06 0.15 0.0 0.0 0.0 38.38 1.01 21246.67 23.15 
227 0.68 412.05 0.51 310.38 0.1 0.0 812.52 0.15 0.0 0.0 0.0 38.74 1.02 21443.53 23.36 
228 0.69 415.12 0.51 312.7 0.1 0.0 818.57 0.15 0.0 0.0 0.0 39.03 1.02 21603.31 23.53 
229 0.63 381.47 0.47 287.35 0.09 0.0 752.21 0.14 0.0 0.0 0.0 35.86 0.94 19851.98 21.63 
230 0.65 396.05 0.49 298.33 0.1 0.0 780.97 0.15 0.0 0.0 0.0 37.23 0.98 20610.77 22.45 
231 0.57 347.93 0.43 262.08 0.09 0.0 686.08 0.13 0.0 0.0 0.0 32.71 0.86 18106.47 19.72 
232 0.64 385.69 0.48 290.52 0.1 0.0 760.53 0.14 0.0 0.0 0.0 36.26 0.95 20071.55 21.87 
233 0.63 383.68 0.47 289.01 0.09 0.0 756.57 0.14 0.0 0.0 0.0 36.07 0.95 19966.95 21.75 
234 0.7 422.58 0.52 318.31 0.1 0.0 833.28 0.16 0.0 0.0 0.0 39.73 1.04 21991.51 23.96 
235 0.59 358.79 0.44 270.27 0.09 0.0 707.51 0.13 0.0 0.0 0.0 33.73 0.88 18672.04 20.34 
236 0.72 437.39 0.54 329.47 0.11 0.0 862.5 0.16 0.0 0.0 0.0 41.12 1.08 22762.45 24.8 
237 0.77 466.33 0.57 351.27 0.11 0.0 919.56 0.17 0.0 0.0 0.0 43.84 1.15 24268.42 26.44 
238 0.53 321.72 0.4 242.34 0.08 0.0 634.4 0.12 0.0 0.0 0.0 30.25 0.79 16742.72 18.24 
239 0.7 422.99 0.52 318.63 0.1 0.0 834.1 0.16 0.0 0.0 0.0 39.77 1.04 22013.06 23.98 
240 0.72 433.16 0.53 326.29 0.11 0.0 854.15 0.16 0.0 0.0 0.0 40.72 1.07 22542.26 24.56 
241 0.63 379.84 0.47 286.12 0.09 0.0 749.01 0.14 0.0 0.0 0.0 35.71 0.94 19767.27 21.53 
242 0.64 389.58 0.48 293.46 0.1 0.0 768.22 0.14 0.0 0.0 0.0 36.62 0.96 20274.34 22.09 
243 0.66 400.31 0.49 301.54 0.1 0.0 789.37 0.15 0.0 0.0 0.0 37.63 0.99 20832.55 22.69 
244 0.65 393.62 0.49 296.5 0.1 0.0 776.18 0.15 0.0 0.0 0.0 37.0 0.97 20484.37 22.32 
245 0.65 393.16 0.48 296.16 0.1 0.0 775.28 0.15 0.0 0.0 0.0 36.96 0.97 20460.68 22.29 
246 0.56 337.7 0.42 254.38 0.08 0.0 665.92 0.12 0.0 0.0 0.0 31.75 0.83 17574.54 19.15 
247 0.75 452.45 0.56 340.82 0.11 0.0 892.19 0.17 0.0 0.0 0.0 42.53 1.12 23546.03 25.65 
248 0.74 449.5 0.55 338.59 0.11 0.0 886.37 0.17 0.0 0.0 0.0 42.26 1.11 23392.51 25.48 
249 0.62 372.7 0.46 280.74 0.09 0.0 734.93 0.14 0.0 0.0 0.0 35.04 0.92 19395.84 21.13 
250 0.57 346.21 0.43 260.79 0.09 0.0 682.69 0.13 0.0 0.0 0.0 32.55 0.85 18017.02 19.63 
251 0.7 426.84 0.53 321.52 0.11 0.0 841.69 0.16 0.0 0.0 0.0 40.13 1.05 22213.23 24.2 
252 0.63 382.34 0.47 288.0 0.09 0.0 753.94 0.14 0.0 0.0 0.0 35.94 0.94 19897.43 21.68 
253 0.68 411.46 0.51 309.94 0.1 0.0 811.36 0.15 0.0 0.0 0.0 38.68 1.01 21412.81 23.33 
254 0.65 392.74 0.48 295.84 0.1 0.0 774.45 0.15 0.0 0.0 0.0 36.92 0.97 20438.9 22.27 
255 0.72 433.76 0.53 326.73 0.11 0.0 855.32 0.16 0.0 0.0 0.0 40.78 1.07 22573.15 24.59 
256 0.72 433.89 0.53 326.83 0.11 0.0 855.58 0.16 0.0 0.0 0.0 40.79 1.07 22579.93 24.6 
257 0.62 376.26 0.46 283.43 0.09 0.0 741.95 0.14 0.0 0.0 0.0 35.37 0.93 19581.14 21.33 
258 0.58 349.58 0.43 263.32 0.09 0.0 689.33 0.13 0.0 0.0 0.0 32.86 0.86 18192.39 19.82 
259 0.56 341.48 0.42 257.23 0.08 0.0 673.36 0.13 0.0 0.0 0.0 32.1 0.84 17771.03 19.36 
260 0.71 430.46 0.53 324.25 0.11 0.0 848.83 0.16 0.0 0.0 0.0 40.47 1.06 22401.8 24.4 
261 0.59 357.47 0.44 269.27 0.09 0.0 704.89 0.13 0.0 0.0 0.0 33.61 0.88 18603.05 20.27 
262 0.64 385.14 0.47 290.11 0.09 0.0 759.45 0.14 0.0 0.0 0.0 36.21 0.95 20043.05 21.83 
263 0.63 381.51 0.47 287.38 0.09 0.0 752.29 0.14 0.0 0.0 0.0 35.87 0.94 19854.1 21.63 
264 0.67 403.57 0.5 303.99 0.1 0.0 795.79 0.15 0.0 0.0 0.0 37.94 0.99 21002.11 22.88 
265 0.54 327.15 0.4 246.43 0.08 0.0 645.1 0.12 0.0 0.0 0.0 30.76 0.81 17025.01 18.55 
266 0.68 413.36 0.51 311.37 0.1 0.0 815.1 0.15 0.0 0.0 0.0 38.86 1.02 21511.67 23.43 
267 0.71 426.95 0.53 321.61 0.11 0.0 841.91 0.16 0.0 0.0 0.0 40.14 1.05 22219.2 24.2 
268 0.68 409.29 0.5 308.3 0.1 0.0 807.07 0.15 0.0 0.0 0.0 38.48 1.01 21299.79 23.2 
269 0.65 393.09 0.48 296.1 0.1 0.0 775.13 0.15 0.0 0.0 0.0 36.95 0.97 20456.72 22.28 
270 0.68 409.65 0.5 308.58 0.1 0.0 807.79 0.15 0.0 0.0 0.0 38.51 1.01 21318.74 23.22 
271 0.7 421.89 0.52 317.79 0.1 0.0 831.92 0.16 0.0 0.0 0.0 39.66 1.04 21955.61 23.92 
272 0.48 293.22 0.36 220.87 0.07 0.0 578.19 0.11 0.0 0.0 0.0 27.57 0.72 15259.3 16.62 
273 0.8 485.05 0.6 365.37 0.12 0.0 956.47 0.18 0.0 0.0 0.0 45.6 1.2 25242.64 27.5 
274 0.7 421.53 0.52 317.52 0.1 0.0 831.21 0.16 0.0 0.0 0.0 39.63 1.04 21936.71 23.9 
275 0.63 379.23 0.47 285.66 0.09 0.0 747.81 0.14 0.0 0.0 0.0 35.65 0.93 19735.66 21.5 
276 0.64 389.84 0.48 293.65 0.1 0.0 768.72 0.14 0.0 0.0 0.0 36.65 0.96 20287.68 22.1 
277 0.7 425.73 0.52 320.69 0.1 0.0 839.5 0.16 0.0 0.0 0.0 40.02 1.05 22155.54 24.14 
278 0.66 400.99 0.49 302.05 0.1 0.0 790.71 0.15 0.0 0.0 0.0 37.7 0.99 20867.97 22.73 
279 0.53 323.32 0.4 243.54 0.08 0.0 637.55 0.12 0.0 0.0 0.0 30.39 0.8 16825.7 18.33 
280 0.81 489.46 0.6 368.69 0.12 0.0 965.16 0.18 0.0 0.0 0.0 46.01 1.21 25471.88 27.75 
281 0.66 401.22 0.49 302.22 0.1 0.0 791.16 0.15 0.0 0.0 0.0 37.72 0.99 20879.71 22.75 
282 0.74 447.09 0.55 336.78 0.11 0.0 881.61 0.17 0.0 0.0 0.0 42.03 1.1 23267.0 25.35 
283 0.62 377.62 0.47 284.45 0.09 0.0 744.64 0.14 0.0 0.0 0.0 35.5 0.93 19651.97 21.41 
284 0.77 468.03 0.58 352.55 0.12 0.0 922.91 0.17 0.0 0.0 0.0 44.0 1.15 24356.87 26.53 
285 0.69 417.32 0.51 314.35 0.1 0.0 822.91 0.15 0.0 0.0 0.0 39.23 1.03 21717.66 23.66 
286 0.71 430.4 0.53 324.21 0.11 0.0 848.71 0.16 0.0 0.0 0.0 40.46 1.06 22398.56 24.4 
287 0.6 363.29 0.45 273.66 0.09 0.0 716.38 0.13 0.0 0.0 0.0 34.15 0.9 18906.25 20.6 
288 0.75 454.84 0.56 342.61 0.11 0.0 896.89 0.17 0.0 0.0 0.0 42.76 1.12 23670.2 25.79 
289 0.72 433.69 0.53 326.68 0.11 0.0 855.19 0.16 0.0 0.0 0.0 40.77 1.07 22569.52 24.59 
290 0.76 458.52 0.57 345.38 0.11 0.0 904.15 0.17 0.0 0.0 0.0 43.11 1.13 23861.7 25.99 
291 0.63 380.22 0.47 286.41 0.09 0.0 749.75 0.14 0.0 0.0 0.0 35.74 0.94 19787.01 21.56 
292 0.64 386.18 0.48 290.9 0.1 0.0 761.52 0.14 0.0 0.0 0.0 36.31 0.95 20097.5 21.89 
293 0.82 499.17 0.62 376.01 0.12 0.0 984.31 0.18 0.0 0.0 0.0 46.93 1.23 25977.38 28.3 
294 0.6 362.7 0.45 273.21 0.09 0.0 715.2 0.13 0.0 0.0 0.0 34.1 0.89 18875.08 20.56 
295 0.66 400.18 0.49 301.45 0.1 0.0 789.12 0.15 0.0 0.0 0.0 37.62 0.99 20826.07 22.69 
296 0.75 451.82 0.56 340.34 0.11 0.0 890.95 0.17 0.0 0.0 0.0 42.48 1.11 23513.43 25.61 
297 0.68 409.66 0.5 308.59 0.1 0.0 807.82 0.15 0.0 0.0 0.0 38.51 1.01 21319.43 23.22 
298 0.71 429.35 0.53 323.42 0.11 0.0 846.64 0.16 0.0 0.0 0.0 40.36 1.06 22343.9 24.34 
299 0.64 389.49 0.48 293.39 0.1 0.0 768.04 0.14 0.0 0.0 0.0 36.62 0.96 20269.74 22.08 
300 0.69 420.71 0.52 316.91 0.1 0.0 829.6 0.16 0.0 0.0 0.0 39.55 1.04 21894.4 23.85 
301 0.58 352.69 0.43 265.67 0.09 0.0 695.48 0.13 0.0 0.0 0.0 33.16 0.87 18354.62 19.99 
302 0.78 472.97 0.58 356.27 0.12 0.0 932.65 0.17 0.0 0.0 0.0 44.46 1.17 24613.93 26.81 
303 0.66 400.91 0.49 301.99 0.1 0.0 790.55 0.15 0.0 0.0 0.0 37.69 0.99 20863.62 22.73 
304 0.62 378.11 0.47 284.81 0.09 0.0 745.59 0.14 0.0 0.0 0.0 35.55 0.93 19677.03 21.44 
305 0.71 432.74 0.53 325.96 0.11 0.0 853.31 0.16 0.0 0.0 0.0 40.68 1.07 22520.04 24.53 
306 0.64 387.01 0.48 291.52 0.1 0.0 763.14 0.14 0.0 0.0 0.0 36.38 0.95 20140.38 21.94 
307 0.58 351.57 0.43 264.83 0.09 0.0 693.26 0.13 0.0 0.0 0.0 33.05 0.87 18296.07 19.93 
308 0.58 351.06 0.43 264.44 0.09 0.0 692.26 0.13 0.0 0.0 0.0 33.0 0.87 18269.76 19.9 
309 0.72 433.85 0.53 326.8 0.11 0.0 855.5 0.16 0.0 0.0 0.0 40.79 1.07 22577.87 24.6 
310 0.66 399.23 0.49 300.72 0.1 0.0 787.23 0.15 0.0 0.0 0.0 37.53 0.98 20776.19 22.63 
311 0.66 400.28 0.49 301.51 0.1 0.0 789.3 0.15 0.0 0.0 0.0 37.63 0.99 20830.81 22.69 
312 0.74 449.42 0.55 338.54 0.11 0.0 886.22 0.17 0.0 0.0 0.0 42.25 1.11 23388.55 25.48 
313 0.59 359.98 0.44 271.16 0.09 0.0 709.85 0.13 0.0 0.0 0.0 33.84 0.89 18734.02 20.41 
314 0.62 376.06 0.46 283.27 0.09 0.0 741.55 0.14 0.0 0.0 0.0 35.35 0.93 19570.41 21.32 
315 0.64 390.09 0.48 293.84 0.1 0.0 769.21 0.14 0.0 0.0 0.0 36.67 0.96 20300.5 22.11 
316 0.68 409.53 0.5 308.48 0.1 0.0 807.55 0.15 0.0 0.0 0.0 38.5 1.01 21312.31 23.22 
317 0.67 403.99 0.5 304.31 0.1 0.0 796.63 0.15 0.0 0.0 0.0 37.98 1.0 21024.06 22.9 
318 0.65 394.06 0.49 296.83 0.1 0.0 777.05 0.15 0.0 0.0 0.0 37.05 0.97 20507.39 22.34 
319 0.67 403.2 0.5 303.72 0.1 0.0 795.07 0.15 0.0 0.0 0.0 37.9 0.99 20982.99 22.86 
320 0.66 401.35 0.49 302.32 0.1 0.0 791.42 0.15 0.0 0.0 0.0 37.73 0.99 20886.55 22.75 
321 0.62 376.51 0.46 283.61 0.09 0.0 742.43 0.14 0.0 0.0 0.0 35.4 0.93 19593.79 21.34 
322 0.62 372.72 0.46 280.75 0.09 0.0 734.96 0.14 0.0 0.0 0.0 35.04 0.92 19396.62 21.13 
323 0.69 416.84 0.51 313.99 0.1 0.0 821.96 0.15 0.0 0.0 0.0 39.19 1.03 21692.69 23.63 
324 0.61 369.56 0.46 278.37 0.09 0.0 728.73 0.14 0.0 0.0 0.0 34.74 0.91 19232.1 20.95 
325 0.59 358.75 0.44 270.23 0.09 0.0 707.41 0.13 0.0 0.0 0.0 33.73 0.88 18669.56 20.34 
326 0.65 393.03 0.48 296.06 0.1 0.0 775.02 0.15 0.0 0.0 0.0 36.95 0.97 20453.75 22.28 
327 0.66 399.3 0.49 300.78 0.1 0.0 787.39 0.15 0.0 0.0 0.0 37.54 0.98 20780.22 22.64 
328 0.82 497.26 0.61 374.57 0.12 0.0 980.54 0.18 0.0 0.0 0.0 46.75 1.23 25877.74 28.19 
329 0.62 377.11 0.46 284.06 0.09 0.0 743.62 0.14 0.0 0.0 0.0 35.45 0.93 19625.26 21.38 
330 0.73 443.97 0.55 334.43 0.11 0.0 875.46 0.16 0.0 0.0 0.0 41.74 1.09 23104.62 25.17 
