1	0	0	0	0	0	0	0	0	2 0

6	330	330	714	0	0	0	0	

1	1	180	0	0	0	0	0	0	100	1	0	0	0	0
2	1	226	0	0	0	0	0	0	100	1	0	0	0	0
3	1	264	0	0	0	0	0	0	100	1	0	0	0	0
4	1	294	0	0	0	0	0	0	100	1	0	0	0	0
5	1	316	0	0	0	0	0	0	100	1	0	0	0	0
6	1	330	0	0	0	0	0	0	100	1	0	0	0	0

1 0 0 0 0 0 0 0 
2 0 0 0 0 0 0 0 
3 0 0 0 0 0 0 0 
4 0 0 0 0 0 0 0 
5 0 0 0 0 0 0 0 
6 0 0 0 0 0 0 0 
7 0 0 0 0 0 0 0 
8 0 0 0 0 0 0 0 
9 0 0 0 0 0 0 0 
10 0 0 0 0 0 0 0 
11 0 0 0 0 0 0 0 
12 0 0 0 0 0 0 0 
13 0 0 0 0 0 0 0 
14 0 0 0 0 0 0 0 
15 0 0 0 0 0 0 0 
16 0 0 0 0 0 0 0 
17 0 0 0 0 0 0 0 
18 0 0 0 0 0 0 0 
19 0 0 0 0 0 0 0 
20 0 0 0 0 0 0 0 
21 0 0 0 0 0 0 0 
22 0 0 0 0 0 0 0 
23 0 0 0 0 0 0 0 
24 0 0 0 0 0 0 0 
25 0 0 0 0 0 0 0 
26 0 0 0 0 0 0 0 
27 0 0 0 0 0 0 0 
28 0 0 0 0 0 0 0 
29 0 0 0 0 0 0 0 
30 0 0 0 0 0 0 0 
31 0 0 0 0 0 0 0 
32 0 0 0 0 0 0 0 
33 0 0 0 0 0 0 0 
34 0 0 0 0 0 0 0 
35 0 0 0 0 0 0 0 
36 0 0 0 0 0 0 0 
37 0 0 0 0 0 0 0 
38 0 0 0 0 0 0 0 
39 0 0 0 0 0 0 0 
40 0 0 0 0 0 0 0 
41 0 0 0 0 0 0 0 
42 0 0 0 0 0 0 0 
43 0 0 0 0 0 0 0 
44 0 0 0 0 0 0 0 
45 0 0 0 0 0 0 0 
46 0 0 0 0 0 0 0 
47 0 0 0 0 0 0 0 
48 0 0 0 0 0 0 0 
49 0 0 0 0 0 0 0 
50 0 0 0 0 0 0 0 
51 0 0 0 0 0 0 0 
52 0 0 0 0 0 0 0 
53 0 0 0 0 0 0 0 
54 0 0 0 0 0 0 0 
55 0 0 0 0 0 0 0 
56 0 0 0 0 0 0 0 
57 0 0 0 0 0 0 0 
58 0 0 0 0 0 0 0 
59 0 0 0 0 0 0 0 
60 0 0 0 0 0 0 0 
61 0 0 0 0 0 0 0 
62 0 0 0 0 0 0 0 
63 0 0 0 0 0 0 0 
64 0 0 0 0 0 0 0 
65 0 0 0 0 0 0 0 
66 0 0 0 0 0 0 0 
67 0 0 0 0 0 0 0 
68 0 0 0 0 0 0 0 
69 0 0 0 0 0 0 0 
70 0 0 0 0 0 0 0 
71 0 0 0 0 0 0 0 
72 0 0 0 0 0 0 0 
73 0 0 0 0 0 0 0 
74 0 0 0 0 0 0 0 
75 0 0 0 0 0 0 0 
76 0 0 0 0 0 0 0 
77 0 0 0 0 0 0 0 
78 0 0 0 0 0 0 0 
79 0 0 0 0 0 0 0 
80 0 0 0 0 0 0 0 
81 0 0 0 0 0 0 0 
82 0 0 0 0 0 0 0 
83 0 0 0 0 0 0 0 
84 0 0 0 0 0 0 0 
85 0 0 0 0 0 0 0 
86 0 0 0 0 0 0 0 
87 0 0 0 0 0 0 0 
88 0 0 0 0 0 0 0 
89 0 0 0 0 0 0 0 
90 0 0 0 0 0 0 0 
91 0 0 0 0 0 0 0 
92 0 0 0 0 0 0 0 
93 0 0 0 0 0 0 0 
94 0 0 0 0 0 0 0 
95 0 0 0 0 0 0 0 
96 0 0 0 0 0 0 0 
97 0 0 0 0 0 0 0 
98 0 0 0 0 0 0 0 
99 0 0 0 0 0 0 0 
100 0 0 0 0 0 0 0 
101 0 0 0 0 0 0 0 
102 0 0 0 0 0 0 0 
103 0 0 0 0 0 0 0 
104 0 0 0 0 0 0 0 
105 0 0 0 0 0 0 0 
106 0 0 0 0 0 0 0 
107 0 0 0 0 0 0 0 
108 0 0 0 0 0 0 0 
109 0 0 0 0 0 0 0 
110 0 0 0 0 0 0 0 
111 0 0 0 0 0 0 0 
112 0 0 0 0 0 0 0 
113 0 0 0 0 0 0 0 
114 0 0 0 0 0 0 0 
115 0 0 0 0 0 0 0 
116 0 0 0 0 0 0 0 
117 0 0 0 0 0 0 0 
118 0 0 0 0 0 0 0 
119 0 0 0 0 0 0 0 
120 0 0 0 0 0 0 0 
121 0 0 0 0 0 0 0 
122 0 0 0 0 0 0 0 
123 0 0 0 0 0 0 0 
124 0 0 0 0 0 0 0 
125 0 0 0 0 0 0 0 
126 0 0 0 0 0 0 0 
127 0 0 0 0 0 0 0 
128 0 0 0 0 0 0 0 
129 0 0 0 0 0 0 0 
130 0 0 0 0 0 0 0 
131 0 0 0 0 0 0 0 
132 0 0 0 0 0 0 0 
133 0 0 0 0 0 0 0 
134 0 0 0 0 0 0 0 
135 0 0 0 0 0 0 0 
136 0 0 0 0 0 0 0 
137 0 0 0 0 0 0 0 
138 0 0 0 0 0 0 0 
139 0 0 0 0 0 0 0 
140 0 0 0 0 0 0 0 
141 0 0 0 0 0 0 0 
142 0 0 0 0 0 0 0 
143 0 0 0 0 0 0 0 
144 0 0 0 0 0 0 0 
145 0 0 0 0 0 0 0 
146 0 0 0 0 0 0 0 
147 0 0 0 0 0 0 0 
148 0 0 0 0 0 0 0 
149 0 0 0 0 0 0 0 
150 0 0 0 0 0 0 0 
151 0 0 0 0 0 0 0 
152 0 0 0 0 0 0 0 
153 0 0 0 0 0 0 0 
154 0 0 0 0 0 0 0 
155 0 0 0 0 0 0 0 
156 0 0 0 0 0 0 0 
157 0 0 0 0 0 0 0 
158 0 0 0 0 0 0 0 
159 0 0 0 0 0 0 0 
160 0 0 0 0 0 0 0 
161 0 0 0 0 0 0 0 
162 0 0 0 0 0 0 0 
163 0 0 0 0 0 0 0 
164 0 0 0 0 0 0 0 
165 0 0 0 0 0 0 0 
166 0 0 0 0 0 0 0 
167 0 0 0 0 0 0 0 
168 0 0 0 0 0 0 0 
169 0 0 0 0 0 0 0 
170 0 0 0 0 0 0 0 
171 0 0 0 0 0 0 0 
172 0 0 0 0 0 0 0 
173 0 0 0 0 0 0 0 
174 0 0 0 0 0 0 0 
175 0 0 0 0 0 0 0 
176 0 0 0 0 0 0 0 
177 0 0 0 0 0 0 0 
178 0 0 0 0 0 0 0 
179 0 0 0 0 0 0 0 
180 0 0 0 0 0 0 0 
181 2 0 0 0 0 0 1 
182 2 0 0 0 0 0 1 
183 2 0 0 0 0 0 1 
184 2 0 0 0 0 0 1 
185 2 0 0 0 0 0 1 
186 2 0 0 0 0 0 1 
187 2 0 0 0 0 0 1 
188 2 0 0 0 0 0 1 
189 2 0 0 0 0 0 1 
190 2 0 0 0 0 0 1 
191 2 0 0 0 0 0 1 
192 2 0 0 0 0 0 1 
193 2 0 0 0 0 0 1 
194 2 0 0 0 0 0 1 
195 2 0 0 0 0 0 1 
196 2 0 0 0 0 0 1 
197 2 0 0 0 0 0 1 
198 2 0 0 0 0 0 1 
199 2 0 0 0 0 0 1 
200 2 0 0 0 0 0 1 
201 2 0 0 0 0 0 1 
202 2 0 0 0 0 0 1 
203 2 0 0 0 0 0 1 
204 2 0 0 0 0 0 1 
205 2 0 0 0 0 0 1 
206 2 0 0 0 0 0 1 
207 2 0 0 0 0 0 1 
208 2 0 0 0 0 0 1 
209 2 0 0 0 0 0 1 
210 2 0 0 0 0 0 1 
211 2 0 0 0 0 0 1 
212 2 0 0 0 0 0 1 
213 2 0 0 0 0 0 1 
214 2 0 0 0 0 0 1 
215 2 0 0 0 0 0 1 
216 2 0 0 0 0 0 1 
217 2 0 0 0 0 0 1 
218 2 0 0 0 0 0 1 
219 2 0 0 0 0 0 1 
220 2 0 0 0 0 0 1 
221 2 0 0 0 0 0 1 
222 2 0 0 0 0 0 1 
223 2 0 0 0 0 0 1 
224 2 0 0 0 0 0 1 
225 2 0 0 0 0 0 1 
226 2 0 0 0 0 0 1 
227 2 0 0 0 0 0 1 
228 2 0 0 0 0 0 1 
229 2 0 0 0 0 0 1 
230 2 0 0 0 0 0 1 
231 2 0 0 0 0 0 1 
232 2 0 0 0 0 0 1 
233 2 0 0 0 0 0 1 
234 2 0 0 0 0 0 1 
235 2 0 0 0 0 0 1 
236 2 0 0 0 0 0 1 
237 2 0 0 0 0 0 1 
238 2 0 0 0 0 0 1 
239 2 0 0 0 0 0 1 
240 2 0 0 0 0 0 1 
241 2 0 0 0 0 0 1 
242 2 0 0 0 0 0 1 
243 2 0 0 0 0 0 1 
244 2 0 0 0 0 0 1 
245 2 0 0 0 0 0 1 
246 2 0 0 0 0 0 1 
247 2 0 0 0 0 0 1 
248 2 0 0 0 0 0 1 
249 2 0 0 0 0 0 1 
250 2 0 0 0 0 0 1 
251 2 0 0 0 0 0 1 
252 2 0 0 0 0 0 1 
253 2 0 0 0 0 0 1 
254 2 0 0 0 0 0 1 
255 2 0 0 0 0 0 1 
256 2 0 0 0 0 0 1 
257 2 0 0 0 0 0 1 
258 2 0 0 0 0 0 1 
259 2 0 0 0 0 0 1 
260 2 0 0 0 0 0 1 
261 2 0 0 0 0 0 1 
262 2 0 0 0 0 0 1 
263 2 0 0 0 0 0 1 
264 2 0 0 0 0 0 1 
265 2 0 0 0 0 0 1 
266 2 0 0 0 0 0 1 
267 2 0 0 0 0 0 1 
268 2 0 0 0 0 0 1 
269 2 0 0 0 0 0 1 
270 2 0 0 0 0 0 1 
271 2 0 0 0 0 0 1 
272 2 0 0 0 0 0 1 
273 2 0 0 0 0 0 1 
274 2 0 0 0 0 0 1 
275 2 0 0 0 0 0 1 
276 2 0 0 0 0 0 1 
277 2 0 0 0 0 0 1 
278 2 0 0 0 0 0 1 
279 2 0 0 0 0 0 1 
280 2 0 0 0 0 0 1 
281 2 0 0 0 0 0 1 
282 2 0 0 0 0 0 1 
283 2 0 0 0 0 0 1 
284 2 0 0 0 0 0 1 
285 2 0 0 0 0 0 1 
286 2 0 0 0 0 0 1 
287 2 0 0 0 0 0 1 
288 2 0 0 0 0 0 1 
289 2 0 0 0 0 0 1 
290 2 0 0 0 0 0 1 
291 2 0 0 0 0 0 1 
292 2 0 0 0 0 0 1 
293 2 0 0 0 0 0 1 
294 2 0 0 0 0 0 1 
295 2 0 0 0 0 0 1 
296 2 0 0 0 0 0 1 
297 2 0 0 0 0 0 1 
298 2 0 0 0 0 0 1 
299 2 0 0 0 0 0 1 
300 2 0 0 0 0 0 1 
301 2 0 0 0 0 0 1 
302 2 0 0 0 0 0 1 
303 2 0 0 0 0 0 1 
304 2 0 0 0 0 0 1 
305 2 0 0 0 0 0 1 
306 2 0 0 0 0 0 1 
307 2 0 0 0 0 0 1 
308 2 0 0 0 0 0 1 
309 2 0 0 0 0 0 1 
310 2 0 0 0 0 0 1 
311 2 0 0 0 0 0 1 
312 2 0 0 0 0 0 1 
313 2 0 0 0 0 0 1 
314 2 0 0 0 0 0 1 
315 2 0 0 0 0 0 1 
316 2 0 0 0 0 0 1 
317 2 0 0 0 0 0 1 
318 2 0 0 0 0 0 1 
319 2 0 0 0 0 0 1 
320 2 0 0 0 0 0 1 
321 2 0 0 0 0 0 1 
322 2 0 0 0 0 0 1 
323 2 0 0 0 0 0 1 
324 2 0 0 0 0 0 1 
325 2 0 0 0 0 0 1 
326 2 0 0 0 0 0 1 
327 2 0 0 0 0 0 1 
328 2 0 0 0 0 0 1 
329 2 0 0 0 0 0 1 
330 2 0 0 0 0 0 1 
1 0.0 34873036.09 0.0 0.19 0.0 0.0 0.0 0.0 0.0 0.0 0.0 69.75 0.0 0.0 29.06 
2 0.0 28164730.76 0.0 0.16 0.0 0.0 0.0 0.0 0.0 0.0 0.0 56.33 0.0 0.0 23.47 
3 0.0 28415484.74 0.0 0.16 0.0 0.0 0.0 0.0 0.0 0.0 0.0 56.83 0.0 0.0 23.68 
4 0.0 26781094.13 0.0 0.15 0.0 0.0 0.0 0.0 0.0 0.0 0.0 53.56 0.0 0.0 22.32 
5 0.0 32596222.89 0.0 0.18 0.0 0.0 0.0 0.0 0.0 0.0 0.0 65.19 0.0 0.0 27.16 
6 0.0 23095383.91 0.0 0.13 0.0 0.0 0.0 0.0 0.0 0.0 0.0 46.19 0.0 0.0 19.25 
7 0.0 35234435.29 0.0 0.2 0.0 0.0 0.0 0.0 0.0 0.0 0.0 70.47 0.0 0.0 29.36 
8 0.0 27716379.3 0.0 0.15 0.0 0.0 0.0 0.0 0.0 0.0 0.0 55.43 0.0 0.0 23.1 
9 0.0 30957117.29 0.0 0.17 0.0 0.0 0.0 0.0 0.0 0.0 0.0 61.91 0.0 0.0 25.8 
10 0.0 29251888.87 0.0 0.16 0.0 0.0 0.0 0.0 0.0 0.0 0.0 58.5 0.0 0.0 24.38 
11 0.0 34386323.81 0.0 0.19 0.0 0.0 0.0 0.0 0.0 0.0 0.0 68.77 0.0 0.0 28.66 
12 0.0 23819577.87 0.0 0.13 0.0 0.0 0.0 0.0 0.0 0.0 0.0 47.64 0.0 0.0 19.85 
13 0.0 29032748.39 0.0 0.16 0.0 0.0 0.0 0.0 0.0 0.0 0.0 58.07 0.0 0.0 24.19 
14 0.0 28847836.94 0.0 0.16 0.0 0.0 0.0 0.0 0.0 0.0 0.0 57.7 0.0 0.0 24.04 
15 0.0 33401308.33 0.0 0.19 0.0 0.0 0.0 0.0 0.0 0.0 0.0 66.8 0.0 0.0 27.83 
16 0.0 26700326.2 0.0 0.15 0.0 0.0 0.0 0.0 0.0 0.0 0.0 53.4 0.0 0.0 22.25 
17 0.0 29482715.38 0.0 0.16 0.0 0.0 0.0 0.0 0.0 0.0 0.0 58.97 0.0 0.0 24.57 
18 0.0 27366424.75 0.0 0.15 0.0 0.0 0.0 0.0 0.0 0.0 0.0 54.73 0.0 0.0 22.81 
19 0.0 30126641.24 0.0 0.17 0.0 0.0 0.0 0.0 0.0 0.0 0.0 60.25 0.0 0.0 25.11 
20 0.0 31748445.64 0.0 0.18 0.0 0.0 0.0 0.0 0.0 0.0 0.0 63.5 0.0 0.0 26.46 
21 0.0 26698142.47 0.0 0.15 0.0 0.0 0.0 0.0 0.0 0.0 0.0 53.4 0.0 0.0 22.25 
22 0.0 33434171.13 0.0 0.19 0.0 0.0 0.0 0.0 0.0 0.0 0.0 66.87 0.0 0.0 27.86 
23 0.0 32704772.16 0.0 0.18 0.0 0.0 0.0 0.0 0.0 0.0 0.0 65.41 0.0 0.0 27.25 
24 0.0 31507483.02 0.0 0.18 0.0 0.0 0.0 0.0 0.0 0.0 0.0 63.01 0.0 0.0 26.26 
25 0.0 32702567.85 0.0 0.18 0.0 0.0 0.0 0.0 0.0 0.0 0.0 65.41 0.0 0.0 27.25 
26 0.0 27948816.42 0.0 0.16 0.0 0.0 0.0 0.0 0.0 0.0 0.0 55.9 0.0 0.0 23.29 
27 0.0 29631329.32 0.0 0.16 0.0 0.0 0.0 0.0 0.0 0.0 0.0 59.26 0.0 0.0 24.69 
28 0.0 27192691.7 0.0 0.15 0.0 0.0 0.0 0.0 0.0 0.0 0.0 54.39 0.0 0.0 22.66 
29 0.0 29196335.76 0.0 0.16 0.0 0.0 0.0 0.0 0.0 0.0 0.0 58.39 0.0 0.0 24.33 
30 0.0 31591066.4 0.0 0.18 0.0 0.0 0.0 0.0 0.0 0.0 0.0 63.18 0.0 0.0 26.33 
31 0.0 27925017.74 0.0 0.16 0.0 0.0 0.0 0.0 0.0 0.0 0.0 55.85 0.0 0.0 23.27 
32 0.0 28809739.42 0.0 0.16 0.0 0.0 0.0 0.0 0.0 0.0 0.0 57.62 0.0 0.0 24.01 
33 0.0 27938481.9 0.0 0.16 0.0 0.0 0.0 0.0 0.0 0.0 0.0 55.88 0.0 0.0 23.28 
34 0.0 27464383.08 0.0 0.15 0.0 0.0 0.0 0.0 0.0 0.0 0.0 54.93 0.0 0.0 22.89 
35 0.0 27986261.61 0.0 0.16 0.0 0.0 0.0 0.0 0.0 0.0 0.0 55.97 0.0 0.0 23.32 
36 0.0 29962006.2 0.0 0.17 0.0 0.0 0.0 0.0 0.0 0.0 0.0 59.92 0.0 0.0 24.97 
37 0.0 26648068.95 0.0 0.15 0.0 0.0 0.0 0.0 0.0 0.0 0.0 53.3 0.0 0.0 22.21 
38 0.0 30703247.09 0.0 0.17 0.0 0.0 0.0 0.0 0.0 0.0 0.0 61.41 0.0 0.0 25.59 
39 0.0 34979406.53 0.0 0.19 0.0 0.0 0.0 0.0 0.0 0.0 0.0 69.96 0.0 0.0 29.15 
40 0.0 32226132.48 0.0 0.18 0.0 0.0 0.0 0.0 0.0 0.0 0.0 64.45 0.0 0.0 26.86 
41 0.0 29424493.34 0.0 0.16 0.0 0.0 0.0 0.0 0.0 0.0 0.0 58.85 0.0 0.0 24.52 
42 0.0 27337113.11 0.0 0.15 0.0 0.0 0.0 0.0 0.0 0.0 0.0 54.67 0.0 0.0 22.78 
43 0.0 27758525.12 0.0 0.15 0.0 0.0 0.0 0.0 0.0 0.0 0.0 55.52 0.0 0.0 23.13 
44 0.0 35077363.8 0.0 0.2 0.0 0.0 0.0 0.0 0.0 0.0 0.0 70.15 0.0 0.0 29.23 
45 0.0 30152423.26 0.0 0.17 0.0 0.0 0.0 0.0 0.0 0.0 0.0 60.3 0.0 0.0 25.13 
46 0.0 28089013.06 0.0 0.16 0.0 0.0 0.0 0.0 0.0 0.0 0.0 56.18 0.0 0.0 23.41 
47 0.0 30572746.45 0.0 0.17 0.0 0.0 0.0 0.0 0.0 0.0 0.0 61.15 0.0 0.0 25.48 
48 0.0 36300765.41 0.0 0.2 0.0 0.0 0.0 0.0 0.0 0.0 0.0 72.6 0.0 0.0 30.25 
49 0.0 30360476.86 0.0 0.17 0.0 0.0 0.0 0.0 0.0 0.0 0.0 60.72 0.0 0.0 25.3 
50 0.0 31851609.33 0.0 0.18 0.0 0.0 0.0 0.0 0.0 0.0 0.0 63.7 0.0 0.0 26.54 
51 0.0 30900510.96 0.0 0.17 0.0 0.0 0.0 0.0 0.0 0.0 0.0 61.8 0.0 0.0 25.75 
52 0.0 28943250.46 0.0 0.16 0.0 0.0 0.0 0.0 0.0 0.0 0.0 57.89 0.0 0.0 24.12 
53 0.0 26572445.41 0.0 0.15 0.0 0.0 0.0 0.0 0.0 0.0 0.0 53.14 0.0 0.0 22.14 
54 0.0 28951971.83 0.0 0.16 0.0 0.0 0.0 0.0 0.0 0.0 0.0 57.9 0.0 0.0 24.13 
55 0.0 29373317.3 0.0 0.16 0.0 0.0 0.0 0.0 0.0 0.0 0.0 58.75 0.0 0.0 24.48 
56 0.0 31759869.57 0.0 0.18 0.0 0.0 0.0 0.0 0.0 0.0 0.0 63.52 0.0 0.0 26.47 
57 0.0 32516950.24 0.0 0.18 0.0 0.0 0.0 0.0 0.0 0.0 0.0 65.03 0.0 0.0 27.1 
58 0.0 32793306.24 0.0 0.18 0.0 0.0 0.0 0.0 0.0 0.0 0.0 65.59 0.0 0.0 27.33 
59 0.0 30856761.98 0.0 0.17 0.0 0.0 0.0 0.0 0.0 0.0 0.0 61.71 0.0 0.0 25.71 
60 0.0 32655423.49 0.0 0.18 0.0 0.0 0.0 0.0 0.0 0.0 0.0 65.31 0.0 0.0 27.21 
61 0.0 27736806.18 0.0 0.15 0.0 0.0 0.0 0.0 0.0 0.0 0.0 55.47 0.0 0.0 23.11 
62 0.0 33758604.47 0.0 0.19 0.0 0.0 0.0 0.0 0.0 0.0 0.0 67.52 0.0 0.0 28.13 
63 0.0 31538789.46 0.0 0.18 0.0 0.0 0.0 0.0 0.0 0.0 0.0 63.08 0.0 0.0 26.28 
64 0.0 29105721.49 0.0 0.16 0.0 0.0 0.0 0.0 0.0 0.0 0.0 58.21 0.0 0.0 24.25 
65 0.0 31465554.44 0.0 0.18 0.0 0.0 0.0 0.0 0.0 0.0 0.0 62.93 0.0 0.0 26.22 
66 0.0 29773284.86 0.0 0.17 0.0 0.0 0.0 0.0 0.0 0.0 0.0 59.55 0.0 0.0 24.81 
67 0.0 33394888.16 0.0 0.19 0.0 0.0 0.0 0.0 0.0 0.0 0.0 66.79 0.0 0.0 27.83 
68 0.0 34559450.45 0.0 0.19 0.0 0.0 0.0 0.0 0.0 0.0 0.0 69.12 0.0 0.0 28.8 
69 0.0 36556726.22 0.0 0.2 0.0 0.0 0.0 0.0 0.0 0.0 0.0 73.11 0.0 0.0 30.46 
70 0.0 25810510.99 0.0 0.14 0.0 0.0 0.0 0.0 0.0 0.0 0.0 51.62 0.0 0.0 21.51 
71 0.0 25667658.58 0.0 0.14 0.0 0.0 0.0 0.0 0.0 0.0 0.0 51.34 0.0 0.0 21.39 
72 0.0 28486602.41 0.0 0.16 0.0 0.0 0.0 0.0 0.0 0.0 0.0 56.97 0.0 0.0 23.74 
73 0.0 30480111.21 0.0 0.17 0.0 0.0 0.0 0.0 0.0 0.0 0.0 60.96 0.0 0.0 25.4 
74 0.0 32628506.76 0.0 0.18 0.0 0.0 0.0 0.0 0.0 0.0 0.0 65.26 0.0 0.0 27.19 
75 0.0 30946904.84 0.0 0.17 0.0 0.0 0.0 0.0 0.0 0.0 0.0 61.89 0.0 0.0 25.79 
76 0.0 23933396.35 0.0 0.13 0.0 0.0 0.0 0.0 0.0 0.0 0.0 47.87 0.0 0.0 19.94 
77 0.0 29081387.96 0.0 0.16 0.0 0.0 0.0 0.0 0.0 0.0 0.0 58.16 0.0 0.0 24.23 
78 0.0 32483923.93 0.0 0.18 0.0 0.0 0.0 0.0 0.0 0.0 0.0 64.97 0.0 0.0 27.07 
79 0.0 30690284.21 0.0 0.17 0.0 0.0 0.0 0.0 0.0 0.0 0.0 61.38 0.0 0.0 25.58 
80 0.0 32286033.54 0.0 0.18 0.0 0.0 0.0 0.0 0.0 0.0 0.0 64.57 0.0 0.0 26.91 
81 0.0 29333015.57 0.0 0.16 0.0 0.0 0.0 0.0 0.0 0.0 0.0 58.67 0.0 0.0 24.44 
82 0.0 29397725.79 0.0 0.16 0.0 0.0 0.0 0.0 0.0 0.0 0.0 58.8 0.0 0.0 24.5 
83 0.0 30559684.17 0.0 0.17 0.0 0.0 0.0 0.0 0.0 0.0 0.0 61.12 0.0 0.0 25.47 
84 0.0 31230154.94 0.0 0.17 0.0 0.0 0.0 0.0 0.0 0.0 0.0 62.46 0.0 0.0 26.03 
85 0.0 30594899.16 0.0 0.17 0.0 0.0 0.0 0.0 0.0 0.0 0.0 61.19 0.0 0.0 25.5 
86 0.0 30357025.94 0.0 0.17 0.0 0.0 0.0 0.0 0.0 0.0 0.0 60.71 0.0 0.0 25.3 
87 0.0 27988013.14 0.0 0.16 0.0 0.0 0.0 0.0 0.0 0.0 0.0 55.98 0.0 0.0 23.32 
88 0.0 31132691.36 0.0 0.17 0.0 0.0 0.0 0.0 0.0 0.0 0.0 62.27 0.0 0.0 25.94 
89 0.0 30365463.81 0.0 0.17 0.0 0.0 0.0 0.0 0.0 0.0 0.0 60.73 0.0 0.0 25.3 
90 0.0 33388451.72 0.0 0.19 0.0 0.0 0.0 0.0 0.0 0.0 0.0 66.78 0.0 0.0 27.82 
91 0.0 33596753.64 0.0 0.19 0.0 0.0 0.0 0.0 0.0 0.0 0.0 67.19 0.0 0.0 28.0 
92 0.0 30555469.25 0.0 0.17 0.0 0.0 0.0 0.0 0.0 0.0 0.0 61.11 0.0 0.0 25.46 
93 0.0 28874145.15 0.0 0.16 0.0 0.0 0.0 0.0 0.0 0.0 0.0 57.75 0.0 0.0 24.06 
94 0.0 28083808.78 0.0 0.16 0.0 0.0 0.0 0.0 0.0 0.0 0.0 56.17 0.0 0.0 23.4 
95 0.0 31270483.06 0.0 0.17 0.0 0.0 0.0 0.0 0.0 0.0 0.0 62.54 0.0 0.0 26.06 
96 0.0 30232020.21 0.0 0.17 0.0 0.0 0.0 0.0 0.0 0.0 0.0 60.46 0.0 0.0 25.19 
97 0.0 28968438.97 0.0 0.16 0.0 0.0 0.0 0.0 0.0 0.0 0.0 57.94 0.0 0.0 24.14 
98 0.0 30130790.57 0.0 0.17 0.0 0.0 0.0 0.0 0.0 0.0 0.0 60.26 0.0 0.0 25.11 
99 0.0 28139997.47 0.0 0.16 0.0 0.0 0.0 0.0 0.0 0.0 0.0 56.28 0.0 0.0 23.45 
100 0.0 32094096.1 0.0 0.18 0.0 0.0 0.0 0.0 0.0 0.0 0.0 64.19 0.0 0.0 26.75 
101 0.0 28658614.31 0.0 0.16 0.0 0.0 0.0 0.0 0.0 0.0 0.0 57.32 0.0 0.0 23.88 
102 0.0 33673523.11 0.0 0.19 0.0 0.0 0.0 0.0 0.0 0.0 0.0 67.35 0.0 0.0 28.06 
103 0.0 31210474.93 0.0 0.17 0.0 0.0 0.0 0.0 0.0 0.0 0.0 62.42 0.0 0.0 26.01 
104 0.0 31780735.57 0.0 0.18 0.0 0.0 0.0 0.0 0.0 0.0 0.0 63.56 0.0 0.0 26.48 
105 0.0 26715264.46 0.0 0.15 0.0 0.0 0.0 0.0 0.0 0.0 0.0 53.43 0.0 0.0 22.26 
106 0.0 30508147.3 0.0 0.17 0.0 0.0 0.0 0.0 0.0 0.0 0.0 61.02 0.0 0.0 25.42 
107 0.0 32221669.35 0.0 0.18 0.0 0.0 0.0 0.0 0.0 0.0 0.0 64.44 0.0 0.0 26.85 
108 0.0 27138898.19 0.0 0.15 0.0 0.0 0.0 0.0 0.0 0.0 0.0 54.28 0.0 0.0 22.62 
109 0.0 29201344.48 0.0 0.16 0.0 0.0 0.0 0.0 0.0 0.0 0.0 58.4 0.0 0.0 24.33 
110 0.0 30097843.64 0.0 0.17 0.0 0.0 0.0 0.0 0.0 0.0 0.0 60.2 0.0 0.0 25.08 
111 0.0 25880648.04 0.0 0.14 0.0 0.0 0.0 0.0 0.0 0.0 0.0 51.76 0.0 0.0 21.57 
112 0.0 30945478.18 0.0 0.17 0.0 0.0 0.0 0.0 0.0 0.0 0.0 61.89 0.0 0.0 25.79 
113 0.0 32538481.94 0.0 0.18 0.0 0.0 0.0 0.0 0.0 0.0 0.0 65.08 0.0 0.0 27.12 
114 0.0 27421452.18 0.0 0.15 0.0 0.0 0.0 0.0 0.0 0.0 0.0 54.84 0.0 0.0 22.85 
115 0.0 31051637.94 0.0 0.17 0.0 0.0 0.0 0.0 0.0 0.0 0.0 62.1 0.0 0.0 25.88 
116 0.0 26063149.77 0.0 0.15 0.0 0.0 0.0 0.0 0.0 0.0 0.0 52.13 0.0 0.0 21.72 
117 0.0 29883913.47 0.0 0.17 0.0 0.0 0.0 0.0 0.0 0.0 0.0 59.77 0.0 0.0 24.9 
118 0.0 25152682.94 0.0 0.14 0.0 0.0 0.0 0.0 0.0 0.0 0.0 50.31 0.0 0.0 20.96 
119 0.0 33364253.12 0.0 0.19 0.0 0.0 0.0 0.0 0.0 0.0 0.0 66.73 0.0 0.0 27.8 
120 0.0 31226701.61 0.0 0.17 0.0 0.0 0.0 0.0 0.0 0.0 0.0 62.45 0.0 0.0 26.02 
121 0.0 29926149.13 0.0 0.17 0.0 0.0 0.0 0.0 0.0 0.0 0.0 59.85 0.0 0.0 24.94 
122 0.0 27674515.14 0.0 0.15 0.0 0.0 0.0 0.0 0.0 0.0 0.0 55.35 0.0 0.0 23.06 
123 0.0 33821267.79 0.0 0.19 0.0 0.0 0.0 0.0 0.0 0.0 0.0 67.64 0.0 0.0 28.18 
124 0.0 35901305.25 0.0 0.2 0.0 0.0 0.0 0.0 0.0 0.0 0.0 71.8 0.0 0.0 29.92 
125 0.0 24426054.41 0.0 0.14 0.0 0.0 0.0 0.0 0.0 0.0 0.0 48.85 0.0 0.0 20.36 
126 0.0 33708492.09 0.0 0.19 0.0 0.0 0.0 0.0 0.0 0.0 0.0 67.42 0.0 0.0 28.09 
127 0.0 34882952.26 0.0 0.19 0.0 0.0 0.0 0.0 0.0 0.0 0.0 69.77 0.0 0.0 29.07 
128 0.0 31014035.09 0.0 0.17 0.0 0.0 0.0 0.0 0.0 0.0 0.0 62.03 0.0 0.0 25.85 
129 0.0 26402195.9 0.0 0.15 0.0 0.0 0.0 0.0 0.0 0.0 0.0 52.8 0.0 0.0 22.0 
130 0.0 32590035.95 0.0 0.18 0.0 0.0 0.0 0.0 0.0 0.0 0.0 65.18 0.0 0.0 27.16 
131 0.0 29457239.09 0.0 0.16 0.0 0.0 0.0 0.0 0.0 0.0 0.0 58.91 0.0 0.0 24.55 
132 0.0 28188238.12 0.0 0.16 0.0 0.0 0.0 0.0 0.0 0.0 0.0 56.38 0.0 0.0 23.49 
133 0.0 26309825.59 0.0 0.15 0.0 0.0 0.0 0.0 0.0 0.0 0.0 52.62 0.0 0.0 21.92 
134 0.0 31651612.49 0.0 0.18 0.0 0.0 0.0 0.0 0.0 0.0 0.0 63.3 0.0 0.0 26.38 
135 0.0 32378420.6 0.0 0.18 0.0 0.0 0.0 0.0 0.0 0.0 0.0 64.76 0.0 0.0 26.98 
136 0.0 28129407.81 0.0 0.16 0.0 0.0 0.0 0.0 0.0 0.0 0.0 56.26 0.0 0.0 23.44 
137 0.0 31561729.01 0.0 0.18 0.0 0.0 0.0 0.0 0.0 0.0 0.0 63.12 0.0 0.0 26.3 
138 0.0 26566975.83 0.0 0.15 0.0 0.0 0.0 0.0 0.0 0.0 0.0 53.13 0.0 0.0 22.14 
139 0.0 32405583.1 0.0 0.18 0.0 0.0 0.0 0.0 0.0 0.0 0.0 64.81 0.0 0.0 27.0 
140 0.0 30139701.9 0.0 0.17 0.0 0.0 0.0 0.0 0.0 0.0 0.0 60.28 0.0 0.0 25.12 
141 0.0 29440290.68 0.0 0.16 0.0 0.0 0.0 0.0 0.0 0.0 0.0 58.88 0.0 0.0 24.53 
142 0.0 29694762.38 0.0 0.17 0.0 0.0 0.0 0.0 0.0 0.0 0.0 59.39 0.0 0.0 24.75 
143 0.0 32606658.47 0.0 0.18 0.0 0.0 0.0 0.0 0.0 0.0 0.0 65.21 0.0 0.0 27.17 
144 0.0 32251234.92 0.0 0.18 0.0 0.0 0.0 0.0 0.0 0.0 0.0 64.5 0.0 0.0 26.88 
145 0.0 31588395.97 0.0 0.18 0.0 0.0 0.0 0.0 0.0 0.0 0.0 63.18 0.0 0.0 26.32 
146 0.0 30413103.63 0.0 0.17 0.0 0.0 0.0 0.0 0.0 0.0 0.0 60.83 0.0 0.0 25.34 
147 0.0 30233463.38 0.0 0.17 0.0 0.0 0.0 0.0 0.0 0.0 0.0 60.47 0.0 0.0 25.19 
148 0.0 31855140.79 0.0 0.18 0.0 0.0 0.0 0.0 0.0 0.0 0.0 63.71 0.0 0.0 26.55 
149 0.0 30697483.68 0.0 0.17 0.0 0.0 0.0 0.0 0.0 0.0 0.0 61.39 0.0 0.0 25.58 
150 0.0 32047654.22 0.0 0.18 0.0 0.0 0.0 0.0 0.0 0.0 0.0 64.1 0.0 0.0 26.71 
151 0.0 29069649.68 0.0 0.16 0.0 0.0 0.0 0.0 0.0 0.0 0.0 58.14 0.0 0.0 24.22 
152 0.0 22695486.71 0.0 0.13 0.0 0.0 0.0 0.0 0.0 0.0 0.0 45.39 0.0 0.0 18.91 
153 0.0 33116473.81 0.0 0.18 0.0 0.0 0.0 0.0 0.0 0.0 0.0 66.23 0.0 0.0 27.6 
154 0.0 36560938.94 0.0 0.2 0.0 0.0 0.0 0.0 0.0 0.0 0.0 73.12 0.0 0.0 30.47 
155 0.0 31324093.33 0.0 0.17 0.0 0.0 0.0 0.0 0.0 0.0 0.0 62.65 0.0 0.0 26.1 
156 0.0 29699534.3 0.0 0.17 0.0 0.0 0.0 0.0 0.0 0.0 0.0 59.4 0.0 0.0 24.75 
157 0.0 29590665.77 0.0 0.16 0.0 0.0 0.0 0.0 0.0 0.0 0.0 59.18 0.0 0.0 24.66 
158 0.0 29642837.44 0.0 0.17 0.0 0.0 0.0 0.0 0.0 0.0 0.0 59.29 0.0 0.0 24.7 
159 0.0 30052228.22 0.0 0.17 0.0 0.0 0.0 0.0 0.0 0.0 0.0 60.1 0.0 0.0 25.04 
160 0.0 26633943.81 0.0 0.15 0.0 0.0 0.0 0.0 0.0 0.0 0.0 53.27 0.0 0.0 22.19 
161 0.0 28448716.63 0.0 0.16 0.0 0.0 0.0 0.0 0.0 0.0 0.0 56.9 0.0 0.0 23.71 
162 0.0 27008919.52 0.0 0.15 0.0 0.0 0.0 0.0 0.0 0.0 0.0 54.02 0.0 0.0 22.51 
163 0.0 30746397.48 0.0 0.17 0.0 0.0 0.0 0.0 0.0 0.0 0.0 61.49 0.0 0.0 25.62 
164 0.0 29110076.54 0.0 0.16 0.0 0.0 0.0 0.0 0.0 0.0 0.0 58.22 0.0 0.0 24.26 
165 0.0 31485633.97 0.0 0.18 0.0 0.0 0.0 0.0 0.0 0.0 0.0 62.97 0.0 0.0 26.24 
166 0.0 29475890.52 0.0 0.16 0.0 0.0 0.0 0.0 0.0 0.0 0.0 58.95 0.0 0.0 24.56 
167 0.0 32959005.56 0.0 0.18 0.0 0.0 0.0 0.0 0.0 0.0 0.0 65.92 0.0 0.0 27.47 
168 0.0 30640601.7 0.0 0.17 0.0 0.0 0.0 0.0 0.0 0.0 0.0 61.28 0.0 0.0 25.53 
169 0.0 36572099.19 0.0 0.2 0.0 0.0 0.0 0.0 0.0 0.0 0.0 73.14 0.0 0.0 30.48 
170 0.0 24310917.23 0.0 0.14 0.0 0.0 0.0 0.0 0.0 0.0 0.0 48.62 0.0 0.0 20.26 
171 0.0 28059249.94 0.0 0.16 0.0 0.0 0.0 0.0 0.0 0.0 0.0 56.12 0.0 0.0 23.38 
172 0.0 32704460.67 0.0 0.18 0.0 0.0 0.0 0.0 0.0 0.0 0.0 65.41 0.0 0.0 27.25 
173 0.0 37584977.12 0.0 0.21 0.0 0.0 0.0 0.0 0.0 0.0 0.0 75.17 0.0 0.0 31.32 
174 0.0 29254095.67 0.0 0.16 0.0 0.0 0.0 0.0 0.0 0.0 0.0 58.51 0.0 0.0 24.38 
175 0.0 30131006.98 0.0 0.17 0.0 0.0 0.0 0.0 0.0 0.0 0.0 60.26 0.0 0.0 25.11 
176 0.0 29321057.27 0.0 0.16 0.0 0.0 0.0 0.0 0.0 0.0 0.0 58.64 0.0 0.0 24.43 
177 0.0 33994371.34 0.0 0.19 0.0 0.0 0.0 0.0 0.0 0.0 0.0 67.99 0.0 0.0 28.33 
178 0.0 29138076.41 0.0 0.16 0.0 0.0 0.0 0.0 0.0 0.0 0.0 58.28 0.0 0.0 24.28 
179 0.0 32040209.52 0.0 0.18 0.0 0.0 0.0 0.0 0.0 0.0 0.0 64.08 0.0 0.0 26.7 
180 0.0 29040595.2 0.0 0.16 0.0 0.0 0.0 0.0 0.0 0.0 0.0 58.08 0.0 0.0 24.2 
181 0.58 354.07 0.44 266.71 0.09 0.0 698.2 0.13 0.0 0.0 0.0 33.29 0.87 18426.33 20.07 
182 0.69 418.42 0.52 315.18 0.1 0.0 825.08 0.15 0.0 0.0 0.0 39.34 1.03 21775.1 23.72 
183 0.7 426.11 0.53 320.98 0.11 0.0 840.25 0.16 0.0 0.0 0.0 40.06 1.05 22175.48 24.16 
184 0.76 458.17 0.56 345.12 0.11 0.0 903.46 0.17 0.0 0.0 0.0 43.07 1.13 23843.5 25.97 
185 0.66 401.22 0.49 302.22 0.1 0.0 791.16 0.15 0.0 0.0 0.0 37.72 0.99 20879.91 22.75 
186 0.63 380.65 0.47 286.73 0.09 0.0 750.61 0.14 0.0 0.0 0.0 35.79 0.94 19809.66 21.58 
187 0.71 428.53 0.53 322.8 0.11 0.0 845.02 0.16 0.0 0.0 0.0 40.29 1.06 22301.26 24.29 
188 0.69 415.47 0.51 312.96 0.1 0.0 819.26 0.15 0.0 0.0 0.0 39.06 1.02 21621.37 23.55 
189 0.69 417.09 0.51 314.18 0.1 0.0 822.45 0.15 0.0 0.0 0.0 39.21 1.03 21705.67 23.65 
190 0.67 402.73 0.5 303.37 0.1 0.0 794.15 0.15 0.0 0.0 0.0 37.86 0.99 20958.74 22.83 
191 0.75 452.77 0.56 341.06 0.11 0.0 892.83 0.17 0.0 0.0 0.0 42.57 1.12 23562.93 25.67 
192 0.69 420.69 0.52 316.89 0.1 0.0 829.56 0.16 0.0 0.0 0.0 39.55 1.04 21893.21 23.85 
193 0.8 482.97 0.6 363.81 0.12 0.0 952.37 0.18 0.0 0.0 0.0 45.4 1.19 25134.42 27.38 
194 0.74 450.78 0.56 339.55 0.11 0.0 888.88 0.17 0.0 0.0 0.0 42.38 1.11 23458.89 25.56 
195 0.71 432.44 0.53 325.74 0.11 0.0 852.72 0.16 0.0 0.0 0.0 40.65 1.07 22504.56 24.52 
196 0.56 339.67 0.42 255.87 0.08 0.0 669.8 0.13 0.0 0.0 0.0 31.93 0.84 17677.07 19.26 
197 0.71 430.14 0.53 324.01 0.11 0.0 848.19 0.16 0.0 0.0 0.0 40.44 1.06 22384.78 24.39 
198 0.7 422.75 0.52 318.44 0.1 0.0 833.62 0.16 0.0 0.0 0.0 39.74 1.04 22000.45 23.97 
199 0.72 438.6 0.54 330.38 0.11 0.0 864.88 0.16 0.0 0.0 0.0 41.23 1.08 22825.27 24.87 
200 0.74 448.07 0.55 337.52 0.11 0.0 883.56 0.17 0.0 0.0 0.0 42.12 1.1 23318.24 25.4 
201 0.64 389.44 0.48 293.35 0.1 0.0 767.93 0.14 0.0 0.0 0.0 36.61 0.96 20266.72 22.08 
202 0.73 439.13 0.54 330.78 0.11 0.0 865.92 0.16 0.0 0.0 0.0 41.28 1.08 22852.83 24.9 
203 0.63 382.89 0.47 288.42 0.09 0.0 755.02 0.14 0.0 0.0 0.0 36.0 0.94 19925.9 21.71 
204 0.8 485.01 0.6 365.34 0.12 0.0 956.39 0.18 0.0 0.0 0.0 45.6 1.2 25240.45 27.5 
205 0.58 351.66 0.43 264.9 0.09 0.0 693.44 0.13 0.0 0.0 0.0 33.06 0.87 18300.94 19.94 
206 0.55 334.27 0.41 251.79 0.08 0.0 659.14 0.12 0.0 0.0 0.0 31.42 0.82 17395.74 18.95 
207 0.56 338.73 0.42 255.15 0.08 0.0 667.94 0.13 0.0 0.0 0.0 31.84 0.83 17627.92 19.2 
208 0.61 369.57 0.46 278.38 0.09 0.0 728.76 0.14 0.0 0.0 0.0 34.74 0.91 19232.86 20.95 
209 0.6 360.3 0.44 271.4 0.09 0.0 710.47 0.13 0.0 0.0 0.0 33.87 0.89 18750.3 20.43 
210 0.8 485.06 0.6 365.38 0.12 0.0 956.49 0.18 0.0 0.0 0.0 45.6 1.2 25242.99 27.5 
211 0.65 392.45 0.48 295.62 0.1 0.0 773.88 0.15 0.0 0.0 0.0 36.89 0.97 20423.76 22.25 
212 0.58 351.23 0.43 264.57 0.09 0.0 692.59 0.13 0.0 0.0 0.0 33.02 0.87 18278.3 19.91 
213 0.74 450.91 0.56 339.66 0.11 0.0 889.15 0.17 0.0 0.0 0.0 42.39 1.11 23465.91 25.56 
214 0.63 381.9 0.47 287.68 0.09 0.0 753.08 0.14 0.0 0.0 0.0 35.9 0.94 19874.77 21.65 
215 0.59 355.52 0.44 267.8 0.09 0.0 701.05 0.13 0.0 0.0 0.0 33.42 0.88 18501.72 20.16 
216 0.73 441.23 0.54 332.37 0.11 0.0 870.07 0.16 0.0 0.0 0.0 41.48 1.09 22962.27 25.01 
217 0.71 430.99 0.53 324.65 0.11 0.0 849.87 0.16 0.0 0.0 0.0 40.52 1.06 22429.21 24.43 
218 0.64 388.05 0.48 292.31 0.1 0.0 765.2 0.14 0.0 0.0 0.0 36.48 0.96 20194.77 22.0 
219 0.76 462.8 0.57 348.61 0.11 0.0 912.6 0.17 0.0 0.0 0.0 43.51 1.14 24084.85 26.24 
220 0.68 410.94 0.51 309.55 0.1 0.0 810.33 0.15 0.0 0.0 0.0 38.63 1.01 21385.67 23.3 
221 0.78 471.3 0.58 355.01 0.12 0.0 929.36 0.17 0.0 0.0 0.0 44.31 1.16 24526.98 26.72 
222 0.7 426.1 0.53 320.96 0.11 0.0 840.22 0.16 0.0 0.0 0.0 40.06 1.05 22174.54 24.16 
223 0.77 468.94 0.58 353.24 0.12 0.0 924.7 0.17 0.0 0.0 0.0 44.09 1.16 24404.22 26.59 
224 0.68 410.14 0.51 308.94 0.1 0.0 808.75 0.15 0.0 0.0 0.0 38.56 1.01 21344.08 23.25 
225 0.59 356.21 0.44 268.32 0.09 0.0 702.42 0.13 0.0 0.0 0.0 33.49 0.88 18537.84 20.19 
226 0.83 505.07 0.62 380.45 0.12 0.0 995.95 0.19 0.0 0.0 0.0 47.48 1.24 26284.48 28.63 
227 0.63 383.56 0.47 288.92 0.09 0.0 756.34 0.14 0.0 0.0 0.0 36.06 0.95 19960.8 21.74 
228 0.66 397.63 0.49 299.52 0.1 0.0 784.09 0.15 0.0 0.0 0.0 37.38 0.98 20693.29 22.54 
229 0.62 377.28 0.46 284.2 0.09 0.0 743.97 0.14 0.0 0.0 0.0 35.47 0.93 19634.34 21.39 
230 0.66 397.45 0.49 299.38 0.1 0.0 783.73 0.15 0.0 0.0 0.0 37.36 0.98 20683.67 22.53 
231 0.69 415.55 0.51 313.02 0.1 0.0 819.41 0.15 0.0 0.0 0.0 39.07 1.02 21625.45 23.56 
232 0.68 413.89 0.51 311.77 0.1 0.0 816.15 0.15 0.0 0.0 0.0 38.91 1.02 21539.23 23.46 
233 0.71 432.52 0.53 325.8 0.11 0.0 852.88 0.16 0.0 0.0 0.0 40.66 1.07 22508.72 24.52 
234 0.79 478.41 0.59 360.37 0.12 0.0 943.37 0.18 0.0 0.0 0.0 44.98 1.18 24896.9 27.12 
235 0.66 400.81 0.49 301.92 0.1 0.0 790.36 0.15 0.0 0.0 0.0 37.68 0.99 20858.76 22.72 
236 0.59 355.67 0.44 267.92 0.09 0.0 701.35 0.13 0.0 0.0 0.0 33.44 0.88 18509.6 20.16 
237 0.59 357.73 0.44 269.47 0.09 0.0 705.41 0.13 0.0 0.0 0.0 33.63 0.88 18616.86 20.28 
238 0.63 378.69 0.47 285.25 0.09 0.0 746.74 0.14 0.0 0.0 0.0 35.6 0.93 19707.49 21.47 
239 0.56 337.78 0.42 254.44 0.08 0.0 666.06 0.12 0.0 0.0 0.0 31.75 0.83 17578.35 19.15 
240 0.73 439.17 0.54 330.81 0.11 0.0 866.0 0.16 0.0 0.0 0.0 41.29 1.08 22854.99 24.9 
241 0.64 385.49 0.48 290.37 0.1 0.0 760.14 0.14 0.0 0.0 0.0 36.24 0.95 20061.22 21.85 
242 0.65 393.08 0.48 296.1 0.1 0.0 775.12 0.15 0.0 0.0 0.0 36.95 0.97 20456.51 22.28 
243 0.67 405.62 0.5 305.54 0.1 0.0 799.85 0.15 0.0 0.0 0.0 38.13 1.0 21109.11 23.0 
244 0.58 349.04 0.43 262.92 0.09 0.0 688.27 0.13 0.0 0.0 0.0 32.81 0.86 18164.4 19.79 
245 0.61 370.76 0.46 279.28 0.09 0.0 731.09 0.14 0.0 0.0 0.0 34.85 0.91 19294.59 21.02 
246 0.72 433.07 0.53 326.22 0.11 0.0 853.98 0.16 0.0 0.0 0.0 40.71 1.07 22537.63 24.55 
247 0.71 430.79 0.53 324.5 0.11 0.0 849.48 0.16 0.0 0.0 0.0 40.5 1.06 22419.03 24.42 
248 0.64 387.72 0.48 292.06 0.1 0.0 764.55 0.14 0.0 0.0 0.0 36.45 0.96 20177.43 21.98 
249 0.79 479.15 0.59 360.93 0.12 0.0 944.84 0.18 0.0 0.0 0.0 45.05 1.18 24935.7 27.16 
250 0.58 352.73 0.43 265.7 0.09 0.0 695.54 0.13 0.0 0.0 0.0 33.16 0.87 18356.31 20.0 
251 0.65 391.7 0.48 295.06 0.1 0.0 772.4 0.14 0.0 0.0 0.0 36.82 0.97 20384.73 22.21 
252 0.65 396.33 0.49 298.55 0.1 0.0 781.53 0.15 0.0 0.0 0.0 37.26 0.98 20625.73 22.47 
253 0.48 292.38 0.36 220.24 0.07 0.0 576.55 0.11 0.0 0.0 0.0 27.49 0.72 15216.03 16.58 
254 0.8 484.31 0.6 364.81 0.12 0.0 955.0 0.18 0.0 0.0 0.0 45.53 1.19 25203.82 27.46 
255 0.69 420.56 0.52 316.8 0.1 0.0 829.31 0.16 0.0 0.0 0.0 39.54 1.04 21886.54 23.84 
256 0.6 363.32 0.45 273.68 0.09 0.0 716.43 0.13 0.0 0.0 0.0 34.16 0.9 18907.65 20.6 
257 0.81 488.92 0.6 368.28 0.12 0.0 964.09 0.18 0.0 0.0 0.0 45.96 1.21 25443.76 27.72 
258 0.71 429.46 0.53 323.5 0.11 0.0 846.85 0.16 0.0 0.0 0.0 40.37 1.06 22349.61 24.35 
259 0.7 423.13 0.52 318.73 0.1 0.0 834.36 0.16 0.0 0.0 0.0 39.78 1.04 22019.96 23.99 
260 0.63 381.07 0.47 287.05 0.09 0.0 751.44 0.14 0.0 0.0 0.0 35.82 0.94 19831.54 21.6 
261 0.68 410.01 0.51 308.85 0.1 0.0 808.5 0.15 0.0 0.0 0.0 38.55 1.01 21337.37 23.24 
262 0.57 343.8 0.42 258.98 0.08 0.0 677.95 0.13 0.0 0.0 0.0 32.32 0.85 17891.92 19.49 
263 0.72 437.95 0.54 329.9 0.11 0.0 863.6 0.16 0.0 0.0 0.0 41.17 1.08 22791.65 24.83 
264 0.64 390.51 0.48 294.16 0.1 0.0 770.04 0.14 0.0 0.0 0.0 36.71 0.96 20322.54 22.14 
265 0.68 411.14 0.51 309.7 0.1 0.0 810.72 0.15 0.0 0.0 0.0 38.65 1.01 21396.12 23.31 
266 0.75 454.47 0.56 342.33 0.11 0.0 896.16 0.17 0.0 0.0 0.0 42.72 1.12 23651.01 25.76 
267 0.69 417.25 0.51 314.3 0.1 0.0 822.78 0.15 0.0 0.0 0.0 39.23 1.03 21714.29 23.65 
268 0.69 416.35 0.51 313.62 0.1 0.0 821.0 0.15 0.0 0.0 0.0 39.14 1.03 21667.25 23.6 
269 0.69 416.92 0.51 314.05 0.1 0.0 822.12 0.15 0.0 0.0 0.0 39.19 1.03 21696.88 23.64 
270 0.62 375.95 0.46 283.19 0.09 0.0 741.34 0.14 0.0 0.0 0.0 35.34 0.93 19564.94 21.31 
271 0.73 439.62 0.54 331.15 0.11 0.0 866.88 0.16 0.0 0.0 0.0 41.33 1.08 22878.17 24.92 
272 0.77 468.31 0.58 352.77 0.12 0.0 923.47 0.17 0.0 0.0 0.0 44.03 1.15 24371.61 26.55 
273 0.72 436.48 0.54 328.79 0.11 0.0 860.7 0.16 0.0 0.0 0.0 41.03 1.08 22715.17 24.75 
274 0.73 441.6 0.54 332.64 0.11 0.0 870.79 0.16 0.0 0.0 0.0 41.52 1.09 22981.42 25.04 
275 0.61 370.11 0.46 278.79 0.09 0.0 729.82 0.14 0.0 0.0 0.0 34.79 0.91 19260.89 20.98 
276 0.61 370.49 0.46 279.08 0.09 0.0 730.58 0.14 0.0 0.0 0.0 34.83 0.91 19280.93 21.0 
277 0.57 347.24 0.43 261.57 0.09 0.0 684.73 0.13 0.0 0.0 0.0 32.64 0.86 18070.96 19.69 
278 0.75 455.69 0.56 343.26 0.11 0.0 898.58 0.17 0.0 0.0 0.0 42.84 1.12 23714.77 25.83 
279 0.65 395.39 0.49 297.83 0.1 0.0 779.67 0.15 0.0 0.0 0.0 37.17 0.97 20576.45 22.42 
280 0.76 462.49 0.57 348.38 0.11 0.0 911.99 0.17 0.0 0.0 0.0 43.48 1.14 24068.6 26.22 
281 0.62 373.98 0.46 281.7 0.09 0.0 737.45 0.14 0.0 0.0 0.0 35.16 0.92 19462.24 21.2 
282 0.64 387.95 0.48 292.23 0.1 0.0 765.0 0.14 0.0 0.0 0.0 36.47 0.96 20189.38 21.99 
283 0.68 409.57 0.5 308.52 0.1 0.0 807.63 0.15 0.0 0.0 0.0 38.5 1.01 21314.57 23.22 
284 0.73 443.08 0.55 333.76 0.11 0.0 873.72 0.16 0.0 0.0 0.0 41.65 1.09 23058.57 25.12 
285 0.67 408.16 0.5 307.46 0.1 0.0 804.86 0.15 0.0 0.0 0.0 38.37 1.01 21241.36 23.14 
286 0.68 414.27 0.51 312.05 0.1 0.0 816.89 0.15 0.0 0.0 0.0 38.95 1.02 21558.85 23.49 
287 0.67 406.37 0.5 306.11 0.1 0.0 801.32 0.15 0.0 0.0 0.0 38.2 1.0 21147.99 23.04 
288 0.68 412.89 0.51 311.01 0.1 0.0 814.18 0.15 0.0 0.0 0.0 38.82 1.02 21487.2 23.41 
289 0.6 360.4 0.44 271.48 0.09 0.0 710.68 0.13 0.0 0.0 0.0 33.88 0.89 18755.89 20.43 
290 0.68 408.98 0.5 308.07 0.1 0.0 806.47 0.15 0.0 0.0 0.0 38.45 1.01 21283.96 23.19 
291 0.66 398.13 0.49 299.9 0.1 0.0 785.07 0.15 0.0 0.0 0.0 37.43 0.98 20719.17 22.57 
292 0.67 403.39 0.5 303.86 0.1 0.0 795.45 0.15 0.0 0.0 0.0 37.92 0.99 20993.13 22.87 
293 0.7 425.67 0.52 320.65 0.1 0.0 839.39 0.16 0.0 0.0 0.0 40.02 1.05 22152.58 24.13 
294 0.62 378.08 0.47 284.8 0.09 0.0 745.55 0.14 0.0 0.0 0.0 35.54 0.93 19675.98 21.43 
295 0.66 402.27 0.5 303.02 0.1 0.0 793.24 0.15 0.0 0.0 0.0 37.82 0.99 20934.68 22.81 
296 0.65 393.64 0.49 296.51 0.1 0.0 776.21 0.15 0.0 0.0 0.0 37.01 0.97 20485.28 22.32 
297 0.7 422.63 0.52 318.35 0.1 0.0 833.38 0.16 0.0 0.0 0.0 39.73 1.04 21994.15 23.96 
298 0.72 437.54 0.54 329.58 0.11 0.0 862.78 0.16 0.0 0.0 0.0 41.13 1.08 22769.99 24.8 
299 0.61 366.94 0.45 276.4 0.09 0.0 723.57 0.14 0.0 0.0 0.0 34.5 0.9 19095.9 20.8 
300 0.71 429.47 0.53 323.51 0.11 0.0 846.87 0.16 0.0 0.0 0.0 40.37 1.06 22350.14 24.35 
301 0.81 489.51 0.6 368.73 0.12 0.0 965.26 0.18 0.0 0.0 0.0 46.02 1.21 25474.61 27.75 
302 0.57 346.02 0.43 260.64 0.09 0.0 682.31 0.13 0.0 0.0 0.0 32.53 0.85 18007.03 19.62 
303 0.61 372.02 0.46 280.23 0.09 0.0 733.59 0.14 0.0 0.0 0.0 34.97 0.92 19360.35 21.09 
304 0.61 369.97 0.46 278.69 0.09 0.0 729.55 0.14 0.0 0.0 0.0 34.78 0.91 19253.93 20.97 
305 0.65 394.38 0.49 297.07 0.1 0.0 777.67 0.15 0.0 0.0 0.0 37.08 0.97 20523.84 22.36 
306 0.78 471.54 0.58 355.19 0.12 0.0 929.83 0.17 0.0 0.0 0.0 44.33 1.16 24539.44 26.73 
307 0.67 406.24 0.5 306.01 0.1 0.0 801.07 0.15 0.0 0.0 0.0 38.19 1.0 21141.29 23.03 
308 0.62 377.52 0.47 284.37 0.09 0.0 744.42 0.14 0.0 0.0 0.0 35.49 0.93 19646.39 21.4 
309 0.71 430.93 0.53 324.6 0.11 0.0 849.74 0.16 0.0 0.0 0.0 40.51 1.06 22425.92 24.43 
310 0.63 381.37 0.47 287.27 0.09 0.0 752.02 0.14 0.0 0.0 0.0 35.85 0.94 19846.73 21.62 
311 0.75 451.28 0.56 339.93 0.11 0.0 889.87 0.17 0.0 0.0 0.0 42.42 1.11 23484.97 25.58 
312 0.69 418.08 0.52 314.93 0.1 0.0 824.42 0.15 0.0 0.0 0.0 39.3 1.03 21757.61 23.7 
313 0.76 462.04 0.57 348.04 0.11 0.0 911.1 0.17 0.0 0.0 0.0 43.44 1.14 24045.24 26.19 
314 0.63 378.87 0.47 285.39 0.09 0.0 747.09 0.14 0.0 0.0 0.0 35.62 0.93 19716.8 21.48 
315 0.87 528.66 0.65 398.22 0.13 0.0 1042.47 0.2 0.0 0.0 0.0 49.7 1.3 27512.18 29.97 
316 0.73 439.15 0.54 330.8 0.11 0.0 865.97 0.16 0.0 0.0 0.0 41.28 1.08 22854.05 24.9 
317 0.71 432.26 0.53 325.6 0.11 0.0 852.37 0.16 0.0 0.0 0.0 40.64 1.07 22495.12 24.51 
318 0.67 403.62 0.5 304.04 0.1 0.0 795.9 0.15 0.0 0.0 0.0 37.94 0.99 21005.03 22.88 
319 0.62 376.26 0.46 283.43 0.09 0.0 741.95 0.14 0.0 0.0 0.0 35.37 0.93 19581.14 21.33 
320 0.61 370.49 0.46 279.08 0.09 0.0 730.58 0.14 0.0 0.0 0.0 34.83 0.91 19280.97 21.0 
321 0.66 400.18 0.49 301.44 0.1 0.0 789.12 0.15 0.0 0.0 0.0 37.62 0.99 20826.01 22.69 
322 0.62 373.35 0.46 281.24 0.09 0.0 736.22 0.14 0.0 0.0 0.0 35.1 0.92 19429.82 21.17 
323 0.69 417.17 0.51 314.24 0.1 0.0 822.61 0.15 0.0 0.0 0.0 39.22 1.03 21709.92 23.65 
324 0.61 372.19 0.46 280.35 0.09 0.0 733.91 0.14 0.0 0.0 0.0 34.99 0.92 19368.95 21.1 
325 0.71 430.9 0.53 324.58 0.11 0.0 849.69 0.16 0.0 0.0 0.0 40.51 1.06 22424.4 24.43 
326 0.73 444.49 0.55 334.82 0.11 0.0 876.49 0.16 0.0 0.0 0.0 41.79 1.1 23131.77 25.2 
327 0.62 377.06 0.46 284.03 0.09 0.0 743.53 0.14 0.0 0.0 0.0 35.45 0.93 19622.85 21.38 
328 0.75 454.09 0.56 342.05 0.11 0.0 895.41 0.17 0.0 0.0 0.0 42.69 1.12 23631.23 25.74 
329 0.65 396.05 0.49 298.33 0.1 0.0 780.96 0.15 0.0 0.0 0.0 37.23 0.98 20610.73 22.45 
330 0.75 452.57 0.56 340.91 0.11 0.0 892.42 0.17 0.0 0.0 0.0 42.55 1.12 23552.27 25.66 
