1   0   0   0   0   0   0   0   0   2 0

6   2 330 714 0   0   0   0   

1   1   180 0   0   0   0   0   0   100 1   0   0   0   0
2   1   226 0   0   0   0   0   0   100 1   0   0   0   0
3   1   264 0   0   0   0   0   0   100 1   0   0   0   0
4   1   294 0   0   0   0   0   0   100 1   0   0   0   0
5   1   316 0   0   0   0   0   0   100 1   0   0   0   0
6   1   330 0   0   0   0   0   0   100 1   0   0   0   0

1   0   0   0   0   0   0   0
2   2   0   0   0   0   0   1

1   0   3.0E+7  0   0.167   0   0   0   0   0   0   0   60  0   0   25
2   0.67    405.7   0.5 305.6   0.1 0   800 0.15    0   0   0   38.14   1   21113.1 23